"TOA5","SALT - Eskom Sutherland SALT","Latitude: -32.37778","Longitude: 20.81167","Elevation: 1761",,,SAURAN
"Date","RecNum","GHI_CMP11","DHI_CMP11","DNI_CHP1","Air_Temp","BP","WS","WD","WD_SD","WS_Max"
"TS","RN","W/m^2","W/m^2","W/m^2","Deg C","mbar","meters/second","Deg","Deg","meters/second"
"","","Avg","Avg","Avg","Avg","Avg","WVc","WVc","WVc","Max"
2017-07-20 00:00,0,,,,9.39,828.602,10.7,284,6.573,17.64
2017-07-21 00:00,1,,0.124648,8.68816,7.615,827.886,2.825,255.3,19.37,5.097
2017-07-22 00:00,2,31.3526,4.4172,146.732,8.73,824.085,6.292,280.5,9.46,11.47
2017-07-23 00:00,3,173.463,12.6518,380.841,8.58,824.052,3.951,248.5,37.28,13.23
2017-07-24 00:00,4,173.124,11.998,381.097,8.56,828.483,2.789,162,81.2,6.371
2017-07-25 00:00,5,179.16,14.0313,388.007,9.92,827.056,7.65,336.3,20.66,17.45
2017-07-26 00:00,6,149.605,32.7888,256.301,4.411,824.003,12.22,277.2,13.02,22.44
2017-07-27 00:00,7,182.302,17.4336,337.684,3.844,828.646,4.785,299.9,32.5,12.84
2017-07-28 00:00,8,179.551,14.8481,378.072,9.02,830.288,6.009,342.6,22.13,11.86
2017-07-29 00:00,9,175.413,22.8493,339.02,11.77,829.165,10.95,328.9,14.63,23.33
2017-07-30 00:00,10,174.112,26.0876,321.696,12.48,830.488,7.266,300,22.63,15.88
2017-07-31 00:00,11,173.99,26.7824,319.182,11.12,830.445,4.775,20.74,37.12,15.49
2017-08-01 00:00,12,167.713,36.4638,276.092,12.33,824.98,9.87,339.3,20.43,23.91
2017-08-02 00:00,13,179.576,20.6973,328.506,7.673,823.898,10.81,295.7,12.24,20.68
2017-08-03 00:00,14,186.061,22.0028,333.589,6.644,827.556,7.365,293.9,14.98,15.19
2017-08-04 00:00,15,190.345,15.0862,384.944,9.47,828.302,5.681,301.4,26.59,13.33
2017-08-05 00:00,16,55.038,43.9903,42.2322,3.906,825.613,4.45,146.5,46.98,8.72
2017-08-06 00:00,17,162.301,44.0953,238.309,4.38,827.614,4.124,153.6,44.29,9.7
2017-08-07 00:00,18,191.839,15.5466,384.22,6.792,829.509,3.151,200.5,48.5,7.449
2017-08-08 00:00,19,169.149,55.7093,263.82,7.963,828.123,3.454,350.2,83.6,8.63
2017-08-09 00:00,20,197.435,14.5156,394.194,9.66,827.036,3.195,36.09,52.02,8.63
2017-08-10 00:00,21,202.545,15.9496,398.298,11.06,824.755,6.834,326,33.72,14.6
2017-08-11 00:00,22,200.537,21.0789,370.986,8.4,822.923,11.89,295.2,10.5,27.15
2017-08-12 00:00,23,195.281,38.5366,310.037,5.384,823.842,12.92,286,10.74,24.99
2017-08-13 00:00,24,205.027,15.9826,392.235,3.597,827.258,4.2,228.6,50.81,15.09
2017-08-14 00:00,25,221.743,17.5804,394.236,3.318,828.939,3.421,104.7,33.93,8.63
2017-08-15 00:00,26,209.659,19.1003,389.815,9.01,827.265,6.814,318.9,49.21,15.19
2017-08-16 00:00,27,207.57,17.3378,387.886,7.382,822.082,9.7,272.4,10.5,15.98
2017-08-17 00:00,28,101.699,79.8349,37.6423,0.206,819.759,7.805,238.1,34.04,16.56
2017-08-18 00:00,29,198.965,40.3533,305.025,0.151,827.388,8.27,129.9,26.74,15.78
2017-08-19 00:00,30,207.355,38.9347,318.565,2.23,830.388,7.224,84.7,16.15,12.55
2017-08-20 00:00,31,210.82,40.4265,338.694,6.983,828.451,8.25,24.51,15.3,15
2017-08-21 00:00,32,201.023,51.645,277.36,11.26,826.129,8.81,331.5,27.57,19.7
2017-08-22 00:00,33,226.173,30.5941,373.156,9.46,821.456,11.39,297.4,14.9,21.76
2017-08-23 00:00,34,114.438,89.5642,54.8254,0.385,821.43,11.81,259.4,14.11,24.6
2017-08-24 00:00,35,243.037,17.5266,424.173,3.6,822.752,7.273,269.7,11.69,15
2017-08-25 00:00,36,163.232,106.325,105.547,1.671,822.853,5.215,221.8,28.52,11.96
2017-08-26 00:00,37,241.861,18.7759,418.569,2.233,826.599,4.282,136.7,42.82,9.31
2017-08-27 00:00,38,235.441,15.841,428.089,7.774,826.514,4.007,346.9,76.1,9.21
2017-08-28 00:00,39,235.88,18.0663,418.005,7.206,827.789,6.308,102.4,14.31,11.86
2017-08-29 00:00,40,228.636,27.1577,384.825,11.62,823.051,9.41,337.4,56.03,22.54
2017-08-30 00:00,41,172,69.7201,167.435,7.097,821.658,9.64,277.1,12.16,20.29
2017-08-31 00:00,42,242.607,16.5391,425.98,5.885,825.363,3.768,324,81.2,9.7
2017-09-01 00:00,43,245.217,17.5492,434.511,5.779,825.634,7.177,232.1,65.1,13.13
2017-09-02 00:00,44,245.845,16.5603,434.603,7.201,831.222,4.874,105.1,21.97,10.1
2017-09-03 00:00,45,249.543,16.2046,440.495,13.1,831.762,3.483,115.5,57.67,9.7
2017-09-04 00:00,46,251.843,16.1017,442.864,14.71,830.658,3.634,48.92,54.24,9.31
2017-09-05 00:00,47,247.307,31.6007,393.413,17.02,824.736,10.16,334.7,19.02,22.35
2017-09-06 00:00,48,196.932,71.3065,209.023,10.87,821.315,9.91,300.6,26.62,21.07
2017-09-07 00:00,49,256.108,20.8705,424.092,8.09,823.115,6.129,299.4,23.57,15
2017-09-08 00:00,50,246.032,33.082,380.219,7.903,822.524,12.08,292.8,8.3,20.48
2017-09-09 00:00,51,260.534,21.2259,433.537,10.97,825.928,7.454,295.2,12.93,12.84
2017-09-10 00:00,52,258.115,21.5033,422.651,14.49,826.117,3.854,212,90.6,12.06
2017-09-11 00:00,53,264.143,21.3972,433.444,15.48,824.08,6.97,296.7,53.02,17.05
2017-09-12 00:00,54,185.129,78.2156,201.024,13.98,824.653,9.05,296.8,18.27,24.5
2017-09-13 00:00,55,190.039,102.409,135.892,16.36,823.341,6.932,290.5,48.05,14.6
2017-09-14 00:00,56,154.43,144.595,15.8802,12.38,823.328,4.451,246.1,36.55,11.08
2017-09-15 00:00,57,215.694,81.0241,193.673,10.99,825.291,3.617,139,78.79,7.743
2017-09-16 00:00,58,94.0838,90.0111,6.67054,11.11,822.331,3.878,114.6,63.02,10.39
2017-09-17 00:00,59,200.272,94.0959,178.532,7.239,826.723,8.26,130.8,31.03,14.6
2017-09-18 00:00,60,269.916,24.5847,386.398,7.428,826.934,6.678,111.4,13.43,14.21
2017-09-19 00:00,61,275.804,41.2015,393.828,12.62,826.047,4.237,274.5,55.97,11.96
2017-09-20 00:00,62,186.841,83.3609,158.332,13.25,827.227,3.96,241.6,82.2,12.64
2017-09-21 00:00,63,257.715,55.3539,319.6,13.29,827.449,3.845,79.45,62.07,10.68
2017-09-22 00:00,64,101.726,81.4153,38.1969,17.72,823.672,6.932,313.9,30.07,19.99
2017-09-23 00:00,65,269.661,40.4997,359.926,11.44,824.422,7.926,255.2,34.93,20.78
2017-09-24 00:00,66,290.786,27.8528,415.442,7.301,827.477,5.247,94.2,32.5,11.57
2017-09-25 00:00,67,162.344,106.813,89.6487,12.56,822.019,6.723,307.7,45.96,16.17
2017-09-26 00:00,68,203.167,66.7565,201.932,4.74,818.134,11,271.1,12.68,20.19
2017-09-27 00:00,69,309.876,24.3929,475.192,3.031,823.241,5.118,248.5,19.5,13.43
2017-09-28 00:00,70,305.742,23.1897,473.73,7.731,826.283,3.837,121.9,70.55,10.39
2017-09-29 00:00,71,218.777,119.53,148.252,13.05,826.16,5.783,338.9,75.08,11.66
2017-09-30 00:00,72,311.398,20.7943,483.437,14.54,825.952,5.431,241.3,22.65,12.25
2017-10-01 00:00,73,305.653,25.5826,441.788,12.79,826.361,4.423,126,57.35,10.59
2017-10-02 00:00,74,308.381,24.0958,461.717,15.57,825.389,5.053,110.8,49.37,11.66
2017-10-03 00:00,75,281.163,49.0307,352.522,18.18,821.58,7.429,358.4,47.51,18.52
2017-10-04 00:00,76,284.559,67.3593,321.419,13.83,815.899,13.84,308.4,16.08,24.5
2017-10-05 00:00,77,235.254,136.553,157.238,4.398,821.554,10.21,272.5,18.26,23.91
2017-10-06 00:00,78,318.193,24.3605,474.278,5.959,826.391,3.149,184.8,66.49,10.39
2017-10-07 00:00,79,315.655,21.8997,476.066,12.56,824.895,2.828,335,94.4,8.92
2017-10-08 00:00,80,319.861,26.9926,456.973,14.06,820.255,6.503,273,23.5,15.68
2017-10-09 00:00,81,304.127,75.1992,334.383,7.11,818.522,5.826,182.4,33.92,13.92
2017-10-10 00:00,82,193.214,130.91,92.9302,4.164,821.894,8.32,137.4,16.02,14.7
2017-10-11 00:00,83,332.367,21.5652,498.925,7.217,824.098,4.257,92.8,47.89,9.41
2017-10-12 00:00,84,330.973,24.1793,486.279,12.1,821.98,7.612,306.3,38.28,16.46
2017-10-13 00:00,85,333.389,25.5097,483.724,8.95,824.799,6.515,141.7,58.05,15.39
2017-10-14 00:00,86,328.759,31.8929,435.718,11.6,824.898,6.05,88.6,40.91,14.8
2017-10-15 00:00,87,334.701,32.4808,467.692,13.06,819.943,7.421,301.2,62.28,18.82
2017-10-16 00:00,88,221.009,102.8,183.984,5.075,819.966,12.34,278.4,8.81,23.33
2017-10-17 00:00,89,316.358,70.1335,368.282,3.115,819.017,11.53,276,11.6,24.99
2017-10-18 00:00,90,351.279,31.7216,492.804,4.197,822.239,7.384,218.4,43.98,27.05
2017-10-19 00:00,91,346.406,23.4981,496.096,11.5,819.41,8.78,326.8,42.26,19.4
2017-10-20 00:00,92,294.476,91.4385,317.167,6.025,821.273,8.02,257.1,13.53,19.4
2017-10-21 00:00,93,327.704,45.3657,421.846,7.867,825.364,4.288,240.5,27.53,13.53
2017-10-22 00:00,94,352.999,21.3324,508.993,13.81,829.396,3.04,124.4,80.7,9.31
2017-10-23 00:00,95,356.375,22.521,508.587,18.36,826.572,3.152,275,93.4,10.1
2017-10-24 00:00,96,355.138,28.4249,491.722,16.64,823.957,8.3,262.5,53.68,17.84
2017-10-25 00:00,97,357.372,31.6891,477.51,14.77,822.998,6.732,279.9,30.96,16.76
2017-10-26 00:00,98,322.201,72.6499,394.644,10.53,820.691,10.65,272.9,12.77,19.7
2017-10-27 00:00,99,367.653,27.8999,510.161,5.14,823.029,7.788,211.7,43.57,14.8
2017-10-28 00:00,100,382.342,26.0476,542.26,4.547,828.104,10.39,112.9,18.47,17.74
2017-10-29 00:00,101,376.927,25.4743,537.319,10.93,827.037,6.575,72.2,39.63,13.72
2017-10-30 00:00,102,364.707,29.7253,498.26,18.15,824.947,6.99,305.8,89.7,19.31
2017-10-31 00:00,103,238.171,75.0281,233.613,19.28,828.014,6.408,9.44,60.45,17.05
2017-11-01 00:00,104,221.394,85.6232,171.37,18.17,827.239,7.608,3.515,31.61,22.84
2017-11-02 00:00,105,306.268,64.1834,333.786,19.46,825.579,6.926,319.7,44.46,19.11
2017-11-03 00:00,106,206.482,157.946,98.67,20.04,825.404,5.471,62.78,64.59,14.6
2017-11-04 00:00,107,304.051,89.9103,310.043,18.14,824.284,8.91,302.1,43.69,21.76
2017-11-05 00:00,108,357.519,92.0426,388.458,16.96,828.28,4.94,257.7,45.23,12.06
2017-11-06 00:00,109,371.47,27.8115,509.953,18.04,827.649,4.164,157.2,44.42,10.59
2017-11-07 00:00,110,376.519,28.1209,522.716,14.66,824.78,5.747,136.4,18.55,13.33
2017-11-08 00:00,111,383.634,48.9201,513.979,11.7,822.273,6.561,123.6,19.46,13.23
2017-11-09 00:00,112,353.949,83.1699,407.235,11.06,821.478,7.099,93.7,23.2,14.7
2017-11-10 00:00,113,345.336,67.2167,427.896,12.47,818.435,4.772,170.2,46.8,13.92
2017-11-11 00:00,114,327.115,77.8196,361.188,14.34,820.957,4.34,114.9,53.33,10.1
2017-11-12 00:00,115,377.018,29.691,515.536,17.9,821.397,5.713,318.9,76.71,15.49
2017-11-13 00:00,116,378.247,33.3477,490.275,19.18,821.098,6.79,290.6,21.63,17.74
2017-11-14 00:00,117,352.919,97.6334,381.589,14.96,818.837,4.81,279.2,73,13.13
2017-11-15 00:00,118,247.769,209.119,63.6293,8.7,816.48,6.059,220.7,27.47,15.19
2017-11-16 00:00,119,216.159,151.974,105.114,3.732,821.291,9.49,166.2,12.72,20.78
2017-11-17 00:00,120,282.746,144.084,220.398,5.909,826.841,6.809,121.2,20.44,12.74
2017-11-18 00:00,121,391.01,30.4995,535.795,10.46,824.38,5.138,295.5,67.18,14.8
2017-11-19 00:00,122,389.626,39.54,512.676,13.78,822.636,5.561,256.9,18.26,12.74
2017-11-20 00:00,123,378.591,58.2935,464.042,18.47,822.415,4.723,302,79.87,14.9
2017-11-21 00:00,124,386.281,58.8461,472.758,16.44,817.151,11.4,292,10.95,25.09
2017-11-22 00:00,125,135.891,135.256,2.4889,5.111,817.742,13.54,291.8,10.26,22.64
2017-11-23 00:00,126,408.95,41.7916,528.339,5.035,823.976,7.063,250.2,24.17,16.56
2017-11-24 00:00,127,402.702,26.3173,564.005,10.41,824.626,4.24,223,62.23,12.94
2017-11-25 00:00,128,389.86,47.2764,511.175,10.14,825.864,6.092,128.8,31.62,15.68
2017-11-26 00:00,129,381.438,75.5024,437.885,12.88,825.406,6.33,134,59.66,14.8
2017-11-27 00:00,130,405.277,23.8135,569.849,13.04,825.81,5.961,128.3,22.78,14.51
2017-11-28 00:00,131,413.599,25.7691,562.587,13.55,826.792,6.283,101.4,26.36,12.25
2017-11-29 00:00,132,396.608,53.1649,522.22,19.55,824.389,5.449,305,101.6,15.58
2017-11-30 00:00,133,403,29.3438,551.5,16.81,824.939,6.21,113.9,21.58,12.35
2017-12-01 00:00,134,402.576,28.2339,548.391,19.55,824.391,5.828,285.8,96.2,15.68
2017-12-02 00:00,135,352.312,99.7074,355.282,18.38,820.944,5.16,185.3,69.07,13.82
2017-12-03 00:00,136,407.334,28.4563,561.721,16.36,818.373,8.16,293.3,72.37,19.7
2017-12-04 00:00,137,406.953,26.633,564.327,12.79,821.979,5.086,241.3,27.26,11.27
2017-12-05 00:00,138,386.727,91.0737,405.911,15.31,825.153,5.48,116.1,49.84,14.11
2017-12-06 00:00,139,380.934,50.0721,492.357,16.5,825.544,6.774,113.4,36,18.91
2017-12-07 00:00,140,352.86,73.6359,354.231,17.86,826.15,7.128,80.6,61.74,15.98
2017-12-08 00:00,141,326.686,85.9008,361.677,21.94,826.224,6.197,10.26,84.3,14.8
2017-12-09 00:00,142,336.761,78.6389,393.486,24.4,825.903,4.913,272.4,64.9,19.11
2017-12-10 00:00,143,403.414,30.7411,548.954,17.63,824.117,6.509,171.5,41.98,15.68
2017-12-11 00:00,144,417.96,30.7682,556.954,12.35,823.059,8.5,104.2,14.89,14.7
2017-12-12 00:00,145,412.898,27.4471,566.781,13.89,820.656,5.333,150.2,69.98,13.62
2017-12-13 00:00,146,412.281,29.2526,562.139,14.03,820.471,4.496,189.3,60.74,12.06
2017-12-14 00:00,147,387.145,58.0039,469.62,11.36,820.342,8.35,240.8,20.96,19.31
2017-12-15 00:00,148,385.07,50.5876,447.174,12.91,824.204,4.582,164.2,37.82,10.1
2017-12-16 00:00,149,407.635,24.8745,556.313,19.65,824.563,4.374,323.7,87.3,12.74
2017-12-17 00:00,150,203.791,152.952,87.0204,20.79,822.551,3.903,202.8,70.41,14.41
2017-12-18 00:00,151,313.911,71.2173,285.794,14.68,821.402,7.106,115.6,17.78,16.07
2017-12-19 00:00,152,286.828,120.018,220.909,12.3,823.488,7.249,121.3,15.9,14.41
2017-12-20 00:00,153,423.171,26.3774,565.916,14.66,825.705,5.792,126.6,25.78,12.64
2017-12-21 00:00,154,409.735,37.8242,540.497,19.56,824.834,4.538,111.1,80.3,13.82
2017-12-22 00:00,155,176.247,139.114,70.6905,20.78,822.725,5.626,70.89,92.6,21.95
2017-12-23 00:00,156,398.855,45.3514,517.247,18.07,820.677,5.94,300.7,49.02,13.82
2017-12-24 00:00,157,420.875,25.9377,583.25,16.56,821.046,4.286,217.4,27.94,12.64
2017-12-25 00:00,158,386.477,56.8712,461.554,15.41,819.974,6.613,242.5,82,16.66
2017-12-26 00:00,159,418.066,28.1273,562.696,11.81,824.611,5.497,192.1,33.83,13.04
2017-12-27 00:00,160,413.83,25.2694,571.422,15.81,825.806,4.19,122.4,55.81,12.94
2017-12-28 00:00,161,406.947,35.6924,530.739,20.95,822.552,6.026,286.2,80.9,17.54
2017-12-29 00:00,162,406.976,42.9835,535.688,17.24,822.191,5.541,118.2,28.6,13.13
2017-12-30 00:00,163,318.549,161.465,249.992,17.55,822.549,4.805,186.5,81,13.33
2017-12-31 00:00,164,398.954,42.5447,524.541,19.89,821.89,4.89,189.6,67.83,16.07
2018-01-01 00:00,165,402.585,33.7107,534.63,17.89,819.186,7.457,273.2,64.98,18.42
2018-01-02 00:00,166,393.829,66.6469,455.96,10.95,820.235,10.63,246.1,23.01,23.62
2018-01-03 00:00,167,405.122,24.639,559.148,16.25,824.981,4.016,185,34.57,11.86
2018-01-04 00:00,168,389.863,56.0214,484.332,19.93,827.3,4.8,91.6,52.25,11.96
2018-01-05 00:00,169,400.687,41.1335,499.374,24.03,825.948,8.45,320.8,79.38,22.05
2018-01-06 00:00,170,391.342,85.1423,452.506,22.48,823.398,5.632,243.8,28.29,13.92
2018-01-07 00:00,171,405.129,33.8646,533.867,20.58,821.429,6.731,254.4,16.52,16.96
2018-01-08 00:00,172,378.966,68.7561,436.279,17.42,820.261,8.95,263.1,12.44,19.6
2018-01-09 00:00,173,415.275,31.0568,538.557,13.22,822.407,7.821,227.5,39.48,16.96
2018-01-10 00:00,174,404.414,30.9161,545.997,13.91,825.991,5.135,130.2,22.89,10.59
2018-01-11 00:00,175,398.058,40.3192,518.809,18.09,826.185,7.511,98.1,18.1,13.13
2018-01-12 00:00,176,396.476,33.6714,521.548,24.06,824.35,7.103,335.7,86.4,17.64
2018-01-13 00:00,177,398.808,31.9814,531.38,25.63,824.941,5.699,273.1,76.69,14.41
2018-01-14 00:00,178,389.539,40.0966,500.862,24.35,824.262,6.211,282.1,93.4,19.4
2018-01-15 00:00,179,398.344,30.9934,530.868,19.9,821.94,7.441,242.7,74.67,20.09
2018-01-16 00:00,180,401.436,26.712,542.997,15.98,824.029,5.733,179.9,63.42,14.02
2018-01-17 00:00,181,391.27,40.9129,502.038,19.54,824.27,5.758,113.6,94.7,22.74
2018-01-18 00:00,182,391.045,41.823,498.433,22.09,823.699,5.896,158.2,85,14.7
2018-01-19 00:00,183,251.838,146.577,148.746,20.53,823.969,6.455,1.027,66.85,20.68
2018-01-20 00:00,184,303.107,61.9428,329.466,20.12,822.696,5.583,51.49,69.06,17.74
2018-01-21 00:00,185,301.998,,289.571,18.24,821.656,8.45,86.5,31.99,25.78
2018-01-22 00:00,186,293.707,,283.641,19.67,820.731,8.12,19,43.51,19.21
2018-01-23 00:00,187,175.88,,157.315,15.29,820.27,7.158,335.2,59.52,24.01
2018-03-28 00:00,0,392.572,,500.082,21.57,823.173,12.52,305.2,30.56,26.17
2018-03-29 00:00,1,254.746,,315.5,18.81,822.021,9.77,301.5,18.42,20.48
2018-03-30 00:00,2,68.7698,,9.38848,10.87,821.475,6.22,276.2,26.43,18.72
2018-03-31 00:00,3,225.814,,285.11,11.94,824.229,4.009,256.9,46.95,9.12
2018-04-01 00:00,4,227.461,,240.453,13.2,826.047,3.591,106.4,41.97,8.63
2018-04-02 00:00,5,256.177,,389.279,16.84,824.119,4.754,14.64,59.97,13.33
2018-04-03 00:00,6,263.539,528.008,438.259,17.78,822.463,5.613,274.9,49.01,12.15
2018-04-04 00:00,7,199.134,,157.87,16.39,823.567,4.404,35.42,77.1,12.25
2018-04-05 00:00,8,136.185,439.481,52.9031,15.21,822.764,5.562,293,34.74,17.15
2018-04-06 00:00,9,205.504,,259.35,14.78,819.639,8.06,303,18.17,18.03
2018-04-07 00:00,10,203.066,464.484,234.698,11.24,819.695,5.833,272.7,22.01,12.94
2018-04-08 00:00,11,225.645,485.667,306.949,12.48,823.163,5.783,260.9,52.6,11.76
2018-04-09 00:00,12,252.011,513.03,418.805,15.69,826.982,4.59,31.14,64.64,12.45
2018-04-10 00:00,13,197.679,,226.973,16.21,824.167,9.45,295,33.59,18.42
2018-04-11 00:00,14,231.474,,349.934,11.1,825.847,5.769,125.5,39.15,12.64
2018-04-12 00:00,15,241.358,,390.925,10.72,826.371,6.544,93,26.21,13.43
2018-04-13 00:00,16,110.256,,134.012,12.88,822.872,4.984,8.81,42.37,15.09
2018-04-14 00:00,17,237.928,,414.892,13.62,825.03,4.779,297.5,52.65,11.66
2018-04-15 00:00,18,227.339,,355.333,12.88,827.954,3.856,97.7,49.84,9.7
2018-04-16 00:00,19,229.285,,395.628,15.5,828.837,3.765,68.22,51.79,9.7
2018-04-17 00:00,20,144.098,,83.0231,15.56,827.399,6.267,5.138,40.39,13.23
2018-04-18 00:00,21,214.915,,338.423,15.16,825.507,5.087,313.7,36.05,11.27
2018-04-19 00:00,22,217.23,36.8934,310.262,10.27,821.652,11.13,301.2,21.49,24.21
2018-04-20 00:00,23,229.448,16.3087,399.533,8.22,824.328,4.614,233.8,55.97,13.72
2018-04-21 00:00,24,223.822,16.0652,403.965,11.87,824.68,3.548,343,54.43,10
2018-04-22 00:00,25,219.643,16.0577,398.431,14.27,824.776,6.77,295.9,20.47,15.09
2018-04-23 00:00,26,216.386,16.7266,394.243,14.41,825.112,6.043,283.4,10.66,11.86
2018-04-24 00:00,27,212.934,35.2091,346.655,13.66,821.905,10.03,304.6,21.61,24.7
2018-04-25 00:00,28,157.439,84.2718,141.088,10.08,822.968,8.41,301.9,22.7,19.11
2018-04-26 00:00,29,197.167,42.0432,296.794,11.55,820.812,9.76,315.2,25.4,21.86
2018-04-27 00:00,30,120.285,70.6302,92.1106,4.936,821.019,13.14,292.7,16.23,25.78
2018-04-28 00:00,31,213.742,15.8714,405.644,8.43,823.902,6.876,303.7,20.68,16.27
2018-04-29 00:00,32,201.776,39.0049,310.525,7.341,826.022,4.866,172.8,86.9,14.51
2018-04-30 00:00,33,180.128,67.171,239.567,9.63,826.795,5.539,240.3,90.1,10.68
2018-05-01 00:00,34,211.747,13.7858,415.888,11.37,829.501,5.061,63.98,35.17,11.08
2018-05-02 00:00,35,178.865,45.1902,255.934,15.54,827.58,6.625,333.7,20.7,16.76
2018-05-03 00:00,36,190.553,32.828,289.229,11.97,824.272,9.49,281.3,39.85,17.84
2018-05-04 00:00,37,205.199,16.5619,389.152,8.35,827.223,6.298,114.5,30.08,12.74
2018-05-05 00:00,38,203.474,13.1579,408.28,12.65,827.056,4.499,340.7,16.27,8.63
2018-05-06 00:00,39,200.024,15.2513,395.303,15.54,826.57,8.97,297.7,20.42,23.13
2018-05-07 00:00,40,186.833,26.1321,330.646,16.89,827.213,7.423,323.2,11.37,19.7
2018-05-08 00:00,41,163.349,35.6221,252.419,14.54,823.393,9.61,327.5,29.32,24.79
2018-05-09 00:00,42,193.359,21.2281,368.18,5.937,819.721,16.1,289.4,7.336,26.36
2018-05-10 00:00,43,188.164,15.963,359.142,7.528,823.299,4.735,288.5,50.38,15.19
2018-05-11 00:00,44,166.809,34.3139,265.358,12.3,822.883,7.068,329.1,16.75,15.58
2018-05-12 00:00,45,173.679,24.1453,308.404,10.75,819.928,10.5,295.1,27.27,22.35
2018-05-13 00:00,46,162.755,28.6868,269.212,6.271,823.458,5.084,153.7,57,12.06
2018-05-14 00:00,47,150.043,58.2992,200.691,8.09,823.252,3.611,67.87,66.56,7.743
2018-05-15 00:00,48,162.107,28.6256,275.335,7.801,827.095,5.045,113.4,11.78,10.49
2018-05-16 00:00,49,176.516,15.265,363.122,9.63,829.161,3.899,71.89,36.36,8.43
2018-05-17 00:00,50,179.197,15.3316,371.177,11.26,827.423,6.315,1.637,19.83,14.31
2018-05-18 00:00,51,174.778,16.0501,359.049,12.24,827.367,5.091,14.95,22.1,12.35
2018-05-19 00:00,52,168.196,33.6717,299.576,12.49,828.043,5.735,38.01,15.74,12.94
2018-05-20 00:00,53,59.4307,58.5786,3.09438,10.56,825.608,6.775,11.81,27.28,16.56
2018-05-21 00:00,54,85.7221,63.6229,44.0385,7.082,821.896,6.085,287.2,55.04,14.31
2018-05-22 00:00,55,71.6707,58.5457,25.5962,6.16,821.926,12.99,286.9,8.09,23.91
2018-05-23 00:00,56,137.115,54.5537,187.548,6.699,824.801,11.18,289.6,17.26,24.5
2018-05-24 00:00,57,167.911,13.6504,361.511,9.47,826.531,10.02,297.5,7.771,16.66
2018-05-25 00:00,58,156.442,31.7856,292.771,8.88,825.716,6.796,278,13.67,12.84
2018-05-26 00:00,59,139.936,46.9251,208.184,7.713,826.065,3.034,247,49.86,6.665
2018-05-27 00:00,60,164.981,12.1415,362.44,8.7,826.54,2.442,324.6,78.5,7.743
2018-05-28 00:00,61,155.073,37.8318,292.411,9.55,826.013,5.305,337,23.2,12.74
2018-05-29 00:00,62,92.3801,67.5614,48.1646,7.36,821.1,12.7,300.8,15.66,21.95
2018-05-30 00:00,63,141.689,45.4449,199.134,4.269,824.049,7.045,272.9,20.48,17.64
2018-05-31 00:00,64,108.324,75.0753,94.3206,4.155,822.18,7.386,311,25.5,16.46
2018-06-01 00:00,65,160.679,13.9676,347.231,4.141,820.305,7.858,285.1,22.46,24.11
2018-06-02 00:00,66,87.9289,61.4641,63.9581,3.43,819.609,16.1,289.3,11.07,29.01
2018-06-03 00:00,67,148.595,28.7807,261.855,3.485,824.736,8.8,302.3,18.93,16.76
2018-06-04 00:00,68,100.626,57.715,108.881,3.733,829.841,5.015,243,80.4,10.68
2018-06-05 00:00,69,163.803,15.2493,330.832,3.542,832.863,5.255,87,27.37,10.68
2018-06-06 00:00,70,159.733,12.4794,362.823,8.11,831.379,7.266,1.383,16.18,11.08
2018-06-07 00:00,71,156.536,14.5652,337.386,11,830.665,6.939,335.2,11.57,14.31
2018-06-08 00:00,72,138.773,48.0149,217.137,10.9,828.443,9.71,308.5,15.83,21.17
2018-06-09 00:00,73,144.155,30.7331,245.455,11.16,826.956,9.26,299.7,10.74,17.74
2018-06-10 00:00,74,122.769,39.4291,185.079,8.02,824.082,12.03,283.3,9.68,20.78
2018-06-11 00:00,75,143.029,25.4853,268.477,6.446,828.162,3.48,293.3,70.82,8.82
2018-06-12 00:00,76,155.753,12.8447,355.159,8.66,830.502,5.98,349.1,20.05,11.37
2018-06-13 00:00,77,138.09,40.0345,243.237,11.15,829.747,7.859,337.2,11.26,16.76
2018-06-14 00:00,78,150.004,18.8928,317.679,10.55,826.354,9.91,340,13.67,17.35
2018-06-15 00:00,79,79.0299,33.175,124.112,6.732,816.76,16.06,314.5,19.63,30.38
2018-06-16 00:00,80,60.3365,55.7567,11.2651,2.525,817.865,16.73,279.5,7.983,28.62
2018-06-17 00:00,81,132.307,42.9663,189.46,3.508,825.387,5.89,313.8,45.18,15.88
2018-06-18 00:00,82,141.649,34.5905,242.284,6.181,822.434,12.08,319.7,23.84,22.15
2018-06-19 00:00,83,50.9393,50.2919,1.8114,4.795,821.136,11.92,286.6,8.47,22.54
2018-06-20 00:00,84,141.498,45.2786,209.899,2.641,824.234,7.326,275.9,12.64,14.31
2018-06-21 00:00,85,155.026,10.9879,363.334,3.836,827.024,3.253,342,41.67,8.23
2018-06-22 00:00,86,153.217,12.7483,350.175,5.872,826.65,10.39,298.7,26.02,19.99
2018-06-23 00:00,87,151.448,16.5423,321.066,6.596,829.11,7.816,296.4,16.23,13.33
2018-06-24 00:00,88,155.217,15.0983,346.531,5.697,824.044,13.61,292.1,16.31,23.33
2018-06-25 00:00,89,154.238,15.0099,349.955,5.871,825.581,5.833,300.6,24.11,15
2018-06-26 00:00,90,115.68,71.6665,102.07,7.201,825.582,4.148,24.39,56.89,10.49
2018-06-27 00:00,91,141.923,26.6291,269.28,9.54,825.011,7.586,335.6,33.88,16.96
2018-06-28 00:00,92,83.6014,63.4823,55.0942,3.857,825.763,7.658,260.4,33.91,18.23
2018-06-29 00:00,93,151.516,19.5037,309.45,5.635,826.92,4.568,25.38,62.75,11.17
2018-06-30 00:00,94,97.0678,53.47,90.492,6.006,822.707,9.05,299.2,14.31,17.94
2018-07-01 00:00,95,112.092,68.5037,111.083,6.529,822.224,11.08,293.3,15.54,21.86
2018-07-02 00:00,96,110.017,36.3719,180.323,5.13,816.625,16.03,300.1,10.95,28.42
2018-07-05 00:00,99,155.305,12.3436,353.069,5.552,835.449,2.585,353.3,50.68,5.685
2018-07-06 00:00,100,158.156,12.3582,360.2,7.07,837.741,4.453,47.59,23.07,7.547
2018-07-07 00:00,101,157.462,15.6166,343.56,7.239,837.332,5.842,27.16,15.19,11.37
2018-07-08 00:00,102,156.132,16.7564,337.492,6.75,835.645,6.323,25.84,17.27,11.96
2018-07-09 00:00,103,154.513,17.427,327.76,7.489,833.573,6.654,15.99,10.72,11.17
2018-07-10 00:00,104,148.682,22.8409,291.775,8.18,830.866,6.188,340.1,20.72,13.04
2018-07-11 00:00,105,122.531,35.7017,188.451,7.502,830.521,5.258,334,13.61,9.9
2018-07-12 00:00,106,156.205,30.7582,299.568,9.18,826.751,10.24,330.2,10.68,21.76
2018-07-13 00:00,107,113.029,68.9138,102.866,7.508,821.705,13.61,301.1,15.3,25.28
2018-07-14 00:00,108,164.475,21.2942,312.003,0.88,823.959,7.967,263.9,9.96,13.33
2018-07-15 00:00,109,149.208,37.0877,241.21,0.47,831.035,7.069,154.4,59.86,13.04
2018-07-16 00:00,110,165.153,21.1292,313.771,1.041,834.534,8.23,92,9.17,14.6
2018-07-17 00:00,111,42.3387,42.1538,1.15655,3.393,832.946,7.557,28.63,14.63,13.62
2018-07-18 00:00,112,142.911,40.0925,221.347,7.309,832.304,7.741,1.418,12.73,15.39
2018-07-19 00:00,113,151.059,25.9461,272.792,7.429,832.579,8.94,359,13.23,17.74
2018-07-20 00:00,114,138.282,60.8672,184.096,7.92,831.72,8.59,356.7,13.38,14.02
2018-07-21 00:00,115,163.052,22.6843,313.828,7.99,829.117,8.37,348.1,17.27,16.46
2018-07-22 00:00,116,165.04,20.7113,327.055,9.01,829.4,6.419,349.3,13.86,12.45
2018-07-23 00:00,117,169.234,15.3112,352.583,10.15,829.707,9.19,336.5,11.54,19.6
2018-07-24 00:00,118,169.175,16.0853,348.518,11.06,830.487,8.86,335.9,11.59,18.62
2018-07-25 00:00,119,166.706,18.7925,330.963,11.71,830.445,9.18,331,10.59,15.88
2018-07-26 00:00,120,150.336,51.4955,228.538,11.59,828.894,7.994,309.1,17.28,15.49
2018-07-27 00:00,121,165.058,31.681,278.123,12.19,826.835,7.818,343.7,17.45,17.15
2018-07-28 00:00,122,117.893,55.4172,134.594,7.106,824.101,7.81,289.4,40.19,21.56
2018-07-29 00:00,123,177.55,14.2963,369.975,6.958,825.112,4.151,351.4,35.21,10.98
2018-07-30 00:00,124,182.225,19.7639,361.789,5.305,824.237,4.599,269.2,40.77,11.17
2018-07-31 00:00,125,187.274,13.3238,391.547,6.089,824.074,4.668,55.14,30.55,10
2018-08-01 00:00,126,174.128,28.553,312.343,6.908,820.388,7.79,299.4,30.69,16.76
2018-08-02 00:00,127,95.1134,84.0316,22.9718,3.024,822.602,4.223,251.9,17.46,9.9
2018-08-03 00:00,128,139.944,54.681,199.657,5.291,825.289,2.934,62.27,54.13,9.7
2018-08-04 00:00,129,187.802,15.3488,376.495,4.868,824.08,7.43,106.1,11.92,13.23
2018-08-05 00:00,130,107.249,74.4188,103.121,3.063,820.812,5.751,256,70.52,12.55
2018-08-06 00:00,131,149.668,62.9639,151.716,2.627,823.199,7.298,276.1,13.71,14.11
2018-08-07 00:00,132,178.423,50.6258,257.4,1.987,820.217,10.85,300.6,11.76,23.62
2018-08-08 00:00,133,169.737,72.4035,186.555,-1.094,824.084,7.676,254.7,17.61,18.13
2018-08-09 00:00,134,207.518,17.2397,375.648,0.149,827.734,3.593,151.6,55.89,9.8
2018-08-10 00:00,135,207.552,20.2015,357.426,0.023,825.156,5.956,113.5,15.39,11.96
2018-08-11 00:00,136,166.74,65.1129,188.153,0.975,826.492,4.311,163.4,47.22,11.17
2018-08-12 00:00,137,206.313,15.6255,400.657,3.394,825.233,8.82,343.7,16.1,19.5
2018-08-13 00:00,138,191.569,30.1491,306.628,6.331,821.675,9.73,307.4,25.06,17.94
2018-08-14 00:00,139,202.607,13.7359,390.747,5.413,824.477,5.019,268.8,20.81,10.59
2018-08-15 00:00,140,210.364,13.6185,393.288,5.21,825.737,4.104,270.3,57.56,9.21
2018-08-16 00:00,141,196.405,47.9539,321.853,6.192,825.846,2.804,220.6,98.9,7.351
2018-08-17 00:00,142,216.727,17.9245,404.173,5.938,823.343,10.17,303.4,31.23,22.93
2018-08-18 00:00,143,201.162,51.8348,289.427,0.57,828.025,6.611,189.9,62.65,14.21
2018-08-19 00:00,144,222.598,15.8209,421.951,4.114,828.469,7.537,8.91,23.59,14.21
2018-08-20 00:00,145,190.471,78.7289,210.179,7.263,821.198,11.11,314.5,29.67,22.74
2018-08-21 00:00,146,140.716,109.853,52.7194,4.769,822.244,6.1,256.4,16.8,12.55
2018-08-22 00:00,147,221.003,15.7766,399.242,3.442,825.1,3.52,213,56,9.12
2018-08-23 00:00,148,224.837,14.4477,417.014,4.625,824.974,3.6,246.5,36.59,8.04
2018-08-24 00:00,149,225.529,14.4318,415.139,6.084,825.938,3.389,214.6,62.64,7.547
2018-08-25 00:00,150,231.032,16.5768,420.777,9.57,824.136,5.272,6.209,47,12.35
2018-08-26 00:00,151,232.527,21.7124,411.989,6.432,817.849,12.92,300.5,9.65,22.05
2018-08-27 00:00,152,141.55,98.4268,93.8571,-1.927,821.265,12.33,272.9,14.47,28.71
2018-08-28 00:00,153,171.683,89.1308,141.05,-1.409,828.216,8.94,271,11.45,17.05
2018-08-29 00:00,154,232.589,15.2511,404.646,5.347,830.26,3.452,166.3,71.44,9.21
2018-08-30 00:00,155,234.25,15.6636,415.505,10.94,827.414,4.564,3.93,35.47,10.1
2018-08-31 00:00,156,218.705,46.7198,306.315,13.83,822.903,6.659,317.1,36.23,17.54
2018-09-01 00:00,157,229.246,43.636,331.236,11.33,821.777,5.333,284.4,20.7,14.31
2018-09-02 00:00,158,161.679,76.2405,147.366,10.06,821.275,5.303,299.1,20.65,12.74
2018-09-03 00:00,159,148.997,100.574,75.1654,4.291,819.124,9.61,283.2,24.43,19.99
2018-09-04 00:00,160,247.688,20.9959,394.859,6.182,821.665,5.298,323.6,61.29,13.04
2018-09-05 00:00,161,249.538,26.6565,393.751,7.368,818.455,10.52,313.7,22.89,21.46
2018-09-06 00:00,162,91.5973,90.9289,1.42483,1.297,819.753,8.58,285,21.39,15.88
2018-09-07 00:00,163,151.413,104.806,67.7115,-0.784,821.292,4.576,213.8,26.45,11.96
2018-09-08 00:00,164,70.8487,70.587,0.62473,-1.551,821.713,5.34,215.7,22,10.78
2018-09-09 00:00,165,194.207,115.489,134.458,-0.226,824.983,5.871,201.6,19.51,13.13
2018-09-10 00:00,166,281.814,18.9813,448.549,3.333,827.744,3.04,29.3,92.1,6.273
2018-09-11 00:00,167,268.708,17.3041,452.682,8.37,825.983,5.288,348.9,19.21,11.08
2018-09-12 00:00,168,271.418,18.373,450.914,10.81,822.483,8.68,309.1,26.11,17.05
2018-09-13 00:00,169,274.06,18.7167,453.33,6.195,821.59,8.34,276.7,9.81,16.46
2018-09-14 00:00,170,279.243,21.9882,452.845,7.626,822.881,8.36,282.1,12.45,14.7
2018-09-15 00:00,171,241.696,69.8557,272.965,7.127,823.507,7.827,274.1,11.78,17.05
2018-09-16 00:00,172,244.031,84.0755,269.755,9.96,823.973,3.656,244.6,56.08,9.02
2018-09-17 00:00,173,252.83,71.0878,307.182,10.48,821.051,6.305,310.8,46.98,15
2018-09-18 00:00,174,248.842,87.4077,243.224,4.332,817.596,13.42,282.8,7.734,22.15
2018-09-19 00:00,175,184.783,114.641,97.7823,3.541,818.899,11.58,286.7,7.573,20.19
2018-09-20 00:00,176,173.604,111.755,89.8852,0.658,825.104,8.7,239.6,55.07,17.35
2018-09-21 00:00,177,268.436,72.6352,346.669,3.927,828.484,2.758,349.5,101.4,6.959
2018-09-22 00:00,178,297.02,17.4625,481.635,10.01,827.045,3.365,249.9,40.6,11.27
2018-09-23 00:00,179,298.021,18.2824,478.311,13.24,825.792,2.968,159.8,80.1,9.31
2018-09-24 00:00,180,296.904,26.1834,461.766,13.06,825.431,3.289,148.1,45.96,9.21
2018-09-25 00:00,181,263.175,47.69,323.482,14.72,822.472,6.507,0.82,66.78,13.43
2018-09-26 00:00,182,291.219,35.9358,397.593,9.87,817.772,12.7,287.3,8.82,23.33
2018-09-27 00:00,183,294.736,45.095,387.247,7.909,822.257,8.66,284.8,10.97,15.49
2018-09-28 00:00,184,300.175,31.0906,429.978,10.8,822.847,8.94,292.9,16.56,19.6
2018-09-29 00:00,185,298.611,35.2671,403.739,8.1,824.825,11.84,265.3,14.75,26.27
2018-09-30 00:00,186,312.109,19.602,486.568,11.37,830.033,5.334,94.4,50.44,12.64
2018-10-01 00:00,187,293.971,46.9457,404.782,18.63,826.6,8.73,330.5,53.6,21.37
2018-10-02 00:00,188,231.432,118.068,165.48,18.21,825.225,8.99,299.5,24.81,17.54
2018-10-03 00:00,189,273.206,72.8545,303.137,6.106,826.55,8.9,187.8,54.87,16.46
2018-10-04 00:00,190,306.377,31.7821,411.916,5.554,831.178,10.39,107.6,14.04,17.54
2018-10-05 00:00,191,316.902,20.8905,479.451,10.47,830.686,5.441,78.93,29.48,11.27
2018-10-06 00:00,192,319.223,21.4776,475.798,16.75,828.854,4.195,28.97,51.13,10.98
2018-10-07 00:00,193,298.508,55.928,381.281,19.76,828.282,3.97,2.548,87.6,14.41
2018-10-08 00:00,194,299.734,48.3599,398.838,21.09,827.77,4.77,63.01,90.8,13.82
2018-10-09 00:00,195,250.308,68.5294,277.505,22.7,826.663,4.376,349.8,86.2,13.33
2018-10-10 00:00,196,256.539,70.611,280.525,22.53,824.414,5.734,279.9,43.61,16.56
2018-10-11 00:00,197,284.307,78.0034,322.881,20.81,823.382,5.98,291.6,31.11,16.86
2018-10-12 00:00,198,316.881,38.6206,410.204,13.74,823.732,5.693,244.1,30.68,12.84
2018-10-13 00:00,199,258.856,92.679,245.753,7.798,825.272,9.53,115.3,17.77,17.25
2018-10-14 00:00,200,288.237,72.9346,284.597,8.36,822.371,11.38,96.6,15.39,19.4
2018-10-15 00:00,201,295.693,60.3843,337.135,11.33,820.773,8.86,310.2,63,16.86
2018-10-16 00:00,202,342.606,38.295,444.773,8.9,824.146,6.013,236,36.01,12.74
2018-10-17 00:00,203,292.756,95.2937,269.035,10.34,825.312,4.769,216.2,60.62,17.35
2018-10-18 00:00,204,331.942,33.1293,439.248,10.42,824.637,4.091,130.3,34.67,13.62
2018-10-19 00:00,205,311.656,78.6949,330.967,14.68,823.158,5.067,300,62.37,13.53
2018-10-20 00:00,206,327.56,64.2403,397.671,10.69,825.712,6.677,178.5,43.15,13.43
2018-10-21 00:00,207,358.118,30.85,493.512,7.938,830.726,13.14,106.6,10.83,20.19
2018-10-22 00:00,208,332.09,66.2044,412.441,9.86,830.348,9.66,86.9,19.47,18.33
2018-10-23 00:00,209,306.649,58.5601,343.759,17.32,829.458,9.09,20.98,26.42,17.74
2018-10-24 00:00,210,339.486,39.6348,439.519,17.42,831.113,8.85,350.9,19.02,18.03
2018-10-25 00:00,211,349.02,35.8284,475.023,18.08,830.709,5.785,338.8,18.02,19.11
2018-10-26 00:00,212,142.959,60.6697,210.167,22.34,829.57,4.894,233.2,47.01,11.17
2018-10-27 00:00,213,325.272,56.8217,409.008,22.33,830.897,3.677,140.5,79.09,11.17
2018-10-28 00:00,214,349.625,49.8447,446.331,23.97,830.532,5.463,154.8,91.6,16.76
2018-10-29 00:00,215,303.248,82.1601,315.405,25.12,827.227,5.039,183.5,89.3,13.04
2018-10-30 00:00,216,234.864,100.938,212.196,20.89,819.444,11.32,318.6,61.11,28.91
2018-10-31 00:00,217,326.008,93.7785,333.16,5.793,819.067,11.48,244,41.08,31.56
2018-11-01 00:00,218,368.445,42.1549,501.13,4.685,821.689,4.728,168.2,35.87,11.27
2018-11-02 00:00,219,374.748,30.3087,533.313,6.549,823.965,5.249,119.3,18.86,11.86
2018-11-03 00:00,220,369.914,41.7565,504.658,10.98,825.609,4.707,94.2,33.97,10
2018-11-04 00:00,221,315.249,115.345,286.652,18.8,821.945,6.207,335.2,51.41,16.86
2018-11-05 00:00,222,357.468,36.3424,446.436,11.57,817.461,11.17,275.4,14.08,22.74
2018-11-06 00:00,223,305.296,110.325,253.932,4.819,818.492,12.43,268.7,17.9,24.89
2018-11-07 00:00,224,365.585,95.5193,429.456,3.447,826.031,7.884,171.2,39.43,16.37
2018-11-08 00:00,225,386.988,33.373,546.939,8.52,829.22,5.849,91.4,23.44,11.96
2018-11-09 00:00,226,385.668,30.4087,548.607,15.6,827.94,4.087,247.1,98.2,10.59
2018-11-10 00:00,227,384.43,33.4914,535.453,18.08,827.615,4.149,110.1,50.58,10
2018-11-11 00:00,228,385.459,26.7076,514.367,21.56,825.401,5.125,316.5,86.9,15.19
2018-11-12 00:00,229,377.592,34.1598,502.279,21.76,824.698,5.61,90.3,56.23,13.04
2018-11-13 00:00,230,377.073,42.401,482.543,23.14,824.539,7.354,321.1,84.8,18.23
2018-11-14 00:00,231,298.655,121.662,248.484,19.99,824.607,5.278,265.8,16.82,13.43
2018-11-15 00:00,232,374.226,42.2491,454.504,19.9,823.89,4.541,257.2,64.84,13.33
2018-11-16 00:00,233,381.344,90.1716,447.163,19.34,825.211,4.174,242.1,61.05,10.68
2018-11-17 00:00,234,356.003,89.2986,378.828,19.15,826.051,7.028,264.6,17.99,19.6
2018-11-18 00:00,235,382.021,48.8508,424.134,16.23,825.958,4.602,203.6,49.28,10.19
2018-11-19 00:00,236,384.55,33.8381,510.354,15.03,823.816,8.42,108.8,10.04,17.74
2018-11-20 00:00,237,382.539,47.6294,482.754,17.22,820.515,6.607,260.3,90.3,15.68
2018-11-21 00:00,238,357.806,84.2259,357.616,10.58,821.348,6.376,226.3,23.7,15.09
2018-11-22 00:00,239,376.417,51.4668,439.791,8.65,824.433,4.888,160.6,24.27,11.17
2018-11-23 00:00,240,399.288,23.5013,560.473,12.82,824.564,4.226,119.3,28.09,12.06
2018-11-24 00:00,241,401.634,23.5466,563.248,18.33,823.269,4.647,286.4,85.3,14.51
2018-11-25 00:00,242,397.147,28.9817,538.152,19.37,822.96,4.381,211.8,84.1,14.02
2018-11-26 00:00,243,398.229,32.4795,514.284,18.34,822.009,4.481,243,56.27,14.21
2018-11-27 00:00,244,352.733,96.6783,375.393,17.07,819.74,6.761,286.1,71.3,17.35
2018-11-28 00:00,245,316.563,143.724,234.244,10.56,819.683,7.536,244.7,19.23,19.8
2018-11-29 00:00,246,405.232,31.8262,520.722,7.009,825.405,6.391,143.7,43.48,12.94
2018-11-30 00:00,247,317.582,117.308,295.172,12.84,825.552,5.155,88.4,39.36,11.17
2018-12-01 00:00,248,359.796,120.864,380.079,18.99,820.686,8.42,324.6,67.89,21.27
2018-12-02 00:00,249,411.644,24.8372,570.444,16.19,821.117,5.958,262.6,25.67,14.21
2018-12-03 00:00,250,408.992,25.5789,565.978,16.3,820.847,6.059,255.8,30.25,16.76
2018-12-04 00:00,251,367.564,81.1763,398.971,11.89,819.063,8.12,262.6,10.82,16.76
2018-12-05 00:00,252,367.431,117.66,366.477,12,819.139,6.282,276,20.41,16.86
2018-12-06 00:00,253,360.284,95.1471,396.279,15.55,821.43,4.416,264.5,37.31,10.88
2018-12-07 00:00,254,300.255,170.795,196.771,15.61,818.519,7.056,291.1,58.07,19.01
2018-12-08 00:00,255,255.919,144.758,167.926,9.89,817.345,8.96,278.1,19.6,19.4
2018-12-09 00:00,256,357.405,65.7611,412.233,10.37,820.535,5.315,241.5,45.76,13.53
2018-12-10 00:00,257,350.366,95.4668,325.486,11.55,824.545,5.501,130.7,23.72,12.55
2018-12-11 00:00,258,405.314,23.9461,556.652,15.19,826.414,4.317,139.7,67.59,12.35
2018-12-12 00:00,259,404.485,27.0604,547.73,19.85,824.078,7.651,319.5,74.35,18.62
2018-12-13 00:00,260,404.506,51.1496,527.979,14.57,823.511,8.3,258.1,11.07,17.84
2018-12-14 00:00,261,420.004,23.1887,587.356,15.69,825.929,4.348,253.3,52.3,12.74
2018-12-15 00:00,262,422.874,29.3451,569.089,17.1,826.135,5.528,242.5,85.5,14.9
2018-12-16 00:00,263,407.955,28.2661,550.7,17.97,827.021,4.457,138.6,73.38,12.64
2018-12-17 00:00,264,409.047,28.3079,554.933,21.57,825.101,6.369,328.3,88.9,16.56
2018-12-18 00:00,265,390.225,48.5259,454.243,22.74,822.374,7.648,305.4,71.79,20.48
2018-12-19 00:00,266,355.889,119.8,339.309,16.86,820.65,10.51,279.7,16.07,20.87
2018-12-20 00:00,267,407.313,33.8281,522.402,13.37,822.086,5.585,240.9,38.17,14.6
2018-12-21 00:00,268,405.537,29.1748,544.458,16.33,823.908,4.317,145.7,73.47,10.19
2018-12-22 00:00,269,356.755,111.758,352.104,19.49,823.26,6.588,325.7,94.7,17.15
2018-12-23 00:00,270,397.218,32.2621,524.031,20.63,822.698,4.576,183.2,54.48,12.45
2018-12-24 00:00,271,388.187,39.1327,500.407,21.12,821.824,6.4,209.1,88.6,16.17
2018-12-25 00:00,272,388.974,54.1623,480.922,20,821.64,5.776,217.4,49.17,14.11
2018-12-26 00:00,273,398.526,29.1644,528.682,19.36,821.563,6.306,250.3,42.78,18.82
2018-12-27 00:00,274,400.477,27.5619,532.54,18.69,821.7,9,270.3,12.02,17.94
2018-12-28 00:00,275,378.65,77.2426,459.166,14.26,822.136,10.46,257.8,36.46,24.4
2018-12-29 00:00,276,418.619,26.5416,562.567,14.74,825.249,5.706,97.4,59.61,11.86
2018-12-30 00:00,277,418.427,27.5331,564.116,21.82,823.566,7.576,308.2,76.14,19.11
2018-12-31 00:00,278,412.773,25.9737,566.016,21.69,824.439,4.477,247.3,78.15,15.58
2019-01-01 00:00,279,342.043,75.8447,401.465,22.53,825,7.212,314.9,77.73,17.45
2019-01-02 00:00,280,403.36,39.5841,525.668,21.52,824.337,8.47,269.9,44.05,20.09
2019-01-03 00:00,281,373.588,72.641,398.716,14.37,825.64,7.77,113.1,21.74,16.96
2019-01-04 00:00,282,402.897,25.0642,522.661,16.9,824.243,5.459,141.1,79.91,13.72
2019-01-05 00:00,283,402.649,25.5998,536.909,20.78,823.286,6.365,235.8,69.85,17.54
2019-01-06 00:00,284,406.129,30.4793,554.43,17.76,824.394,4.395,202.3,29.71,15.58
2019-01-07 00:00,285,369.442,94.3787,411.202,19.51,824.292,5.116,109.6,35.94,11.17
2019-01-08 00:00,286,340.549,122.251,324.268,22.19,821.411,5.314,165.4,83.8,16.17
2019-01-09 00:00,287,383.238,45.6969,475.336,19.83,819.205,5.669,155.3,46.71,15.09
2019-01-10 00:00,288,355.468,91.3551,396.524,16.82,818.498,6.776,207.2,75.85,14.41
2019-01-11 00:00,289,386.756,52.6937,467.914,15.53,818.934,6.456,255.4,23.42,15.68
2019-01-12 00:00,290,405.594,37.7573,512.802,14.65,816.687,11.17,303.3,41.44,27.93
2019-01-13 00:00,291,381.922,64.3702,399.341,13.28,817.695,14.3,282.1,8.67,24.7
2019-01-14 00:00,292,401.817,26.2126,552.824,14.91,820.421,10.24,274.6,11.21,21.07
2019-01-15 00:00,293,406.002,23.35,564.829,18.06,822.317,6.209,271.6,20.62,14.11
2019-01-16 00:00,294,403.903,23.261,560.915,18.97,823.887,4.279,206.8,51.48,14.9
2019-01-17 00:00,295,396.049,33.4634,530.601,18.46,822.67,6.646,131.3,77.17,15.98
2019-01-18 00:00,296,394.692,27.2353,541.24,19.58,820.875,5.021,213.2,84.3,12.64
2019-01-19 00:00,297,396.711,31.6889,530.942,12.91,820.152,9.87,261.2,14.26,23.72
2019-01-20 00:00,298,409.357,22.9458,577.687,10.9,826.438,4.963,181.5,48.01,12.64
2019-01-21 00:00,299,364.091,79.1993,429.95,15.98,827.786,4.279,90.3,75.86,11.37
2019-01-22 00:00,300,401.457,29.252,544.911,21.92,824.436,7.861,308.6,53.86,20.09
2019-01-23 00:00,301,394.446,21.6244,553.966,19.79,823.773,5.822,251.5,30.29,13.92
2019-01-24 00:00,302,398.926,23.6175,562.399,17.06,823.382,5.051,210.4,27.02,11.76
2019-01-25 00:00,303,393.982,24.5808,548.43,15.24,823.789,4.787,142.3,48.58,11.47
2019-01-26 00:00,304,387.069,31.1587,514.677,15.45,823.613,5.34,148.8,46.74,14.21
2019-01-27 00:00,305,385.849,28.7739,496.037,15.47,825.839,7.677,104.6,15.83,13.92
2019-01-28 00:00,306,392.716,21.5418,555.548,18.52,825.427,5.657,120,31.86,14.31
2019-01-29 00:00,307,386.302,25.3228,537.175,21.5,822.977,6.118,83.6,86.3,14.9
2019-01-30 00:00,308,371.458,48.672,489.159,22.98,821.385,5.957,274.6,52.21,17.84
2019-01-31 00:00,309,390.797,23.5911,550.312,20.03,822.895,4.337,214.1,84.8,14.8
2019-02-01 00:00,310,278.384,82.7798,329.92,17.14,823.304,7.78,111.2,21.43,21.07
2019-02-02 00:00,311,305.916,74.4827,275.67,14.53,823.957,10.39,106.2,11.63,18.62
2019-02-03 00:00,312,212.688,91.0566,176.623,16.91,821.542,9.26,330.7,65.16,19.6
2019-02-04 00:00,313,326.586,99.6626,285.515,13.96,822.032,6.494,238.6,34.87,18.52
2019-02-05 00:00,314,373.113,21.867,518.068,16.85,825.619,3.909,139.5,35.09,13.92
2019-02-06 00:00,315,373.683,19.9414,532.12,20.93,826.928,3.913,143.3,74.61,10.39
2019-02-07 00:00,316,369.852,22.1617,519.915,22.91,825.412,5.249,116,58.76,13.43
2019-02-08 00:00,317,369.001,24.7948,513.81,24.08,823.604,7.276,301.4,91.8,16.17
2019-02-09 00:00,318,302.62,87.3999,307.379,25.07,823.957,5.461,277.2,40.41,16.07
2019-02-10 00:00,319,109.939,100.476,35.9376,18.63,823.964,5.491,339.6,25.05,13.72
2019-02-11 00:00,320,275.159,87.6537,317.902,19.77,822.411,5.194,286.4,64.47,16.17
2019-02-12 00:00,321,225.605,98.6699,180.56,16.69,821.23,5.596,125.3,43.33,13.13
2019-02-13 00:00,322,219.935,74.8503,243.481,14.97,820.532,5.603,131.3,39.21,13.62
2019-02-14 00:00,323,333.934,39.2208,406.281,16.28,824.981,6.925,114.1,13.84,14.02
2019-02-15 00:00,324,268.279,68.3905,279.495,18.83,826.765,6.541,70.12,59.12,15.49
2019-02-16 00:00,325,316.539,65.4091,368.946,21.55,824.135,5.003,283.3,74.79,15.58
2019-02-17 00:00,326,352.328,33.0471,490.033,20.56,825.051,5.484,278.6,84.1,14.02
2019-02-18 00:00,327,246.723,89.8009,269.405,19.03,826.402,4.623,116.9,36.57,11.37
2019-02-19 00:00,328,305.44,61.986,367.937,20.48,825.396,4.736,102.3,58.12,12.15
2019-02-20 00:00,329,344.396,36.3904,450.223,21.67,822.034,7.043,319.7,99.6,19.01
2019-02-21 00:00,330,281.467,108.936,276.743,18.3,823.594,5.14,218.8,40.86,10.88
2019-02-22 00:00,331,296.199,79.2366,295.267,17.69,826.965,5.592,106.5,21.65,13.72
2019-02-23 00:00,332,334.837,35.7036,452.577,19.8,824.442,5.925,211.7,94.1,14.8
2019-02-24 00:00,333,331.65,42.2907,451.59,19.63,823.397,4.738,223,39.57,11.27
2019-02-25 00:00,334,347.266,21.1439,507.91,18.71,823.538,3.647,218.9,31.9,12.35
2019-02-26 00:00,335,309.787,50.1279,375.345,18.81,821.993,6.061,283.1,95.6,17.74
2019-02-27 00:00,336,295.442,84.7442,324.09,13.75,820.668,9.72,263.3,13.66,18.13
2019-02-28 00:00,337,303.573,81.9303,327.912,11.86,822.606,6.082,250.9,18.45,10.78
2019-03-01 00:00,338,338.557,19.9403,505.041,15.99,824.624,7.187,248,12.15,17.15
2019-03-02 00:00,339,332.259,19.2679,497.073,18.43,825.388,4.412,250.1,23.56,14.21
2019-03-03 00:00,340,324.345,21.3259,478.03,17.79,824.568,5.024,231.1,27.17,12.64
2019-03-04 00:00,341,323.361,19.5553,483.372,17.2,823.87,5.403,229.2,72.17,13.33
2019-03-05 00:00,342,320.076,19.7585,481.51,16.08,823.908,5.555,228.1,39.83,11.17
2019-03-06 00:00,343,315.989,24.3071,446.091,18.44,824.535,4.559,90.1,56.02,10.1
2019-03-07 00:00,344,321.189,35.3483,472.191,22.29,824.522,8.08,299.5,71.42,21.37
2019-03-08 00:00,345,298.341,59.9636,370.416,16.79,824.833,5.304,212.1,30.72,11.76
2019-03-09 00:00,346,266.235,81.4094,257.491,12.05,823.458,6.488,110.9,12.3,12.64
2019-03-10 00:00,347,241.077,99.1453,259.657,13.76,822.36,4.966,146.6,59.32,15.78
2019-03-11 00:00,348,109.197,88.2831,40.7983,10.67,823.043,9.23,122.3,32.42,19.5
2019-03-12 00:00,349,290.991,54.1784,324.959,13.27,823.116,5.623,7.403,75.86,15.98
2019-03-13 00:00,350,309.074,23.1965,468.954,13.89,821.969,4.686,298.1,72.42,13.33
2019-03-14 00:00,351,312.872,18.2513,485.086,15.82,824.038,4.461,267.1,51.91,11.57
2019-03-15 00:00,352,261.594,85.1094,278.836,17.94,826.385,5.475,75.72,62.08,14.7
2019-03-16 00:00,353,236.301,59.6945,295.488,19.24,825.833,5.832,29.57,55.12,18.42
2019-03-17 00:00,354,298.512,21.1347,456.945,20.42,823.882,5.469,330.2,71.38,11.17
2019-03-18 00:00,355,305.949,22.6457,468.141,20.22,821.775,4.983,282.9,92.1,15.09
2019-03-19 00:00,356,288.745,27.8483,405.589,18.03,822.357,3.781,145.8,52.95,10.29
2019-03-20 00:00,357,266.775,51.1783,341.861,18.99,822.313,5,287.9,75.23,14.02
2019-03-21 00:00,358,294.015,27.6364,440.758,15.82,823.208,4.874,233,19.92,11.96
2019-03-22 00:00,359,292.679,32.0571,441.27,14.63,825.096,4.289,156.4,38.55,9.7
2019-03-23 00:00,360,212.396,119.432,171.964,14.36,825.947,4.74,102,35.9,9.7
2019-03-24 00:00,361,272.01,36.1709,368.496,19.76,824.039,4.542,82.8,85.2,15.88
2019-03-25 00:00,362,277.536,19.4946,438.788,21.22,822.77,4.284,171.6,89.8,13.82
2019-03-26 00:00,363,280.613,19.9729,441.956,14.51,824.683,4.62,167.6,39.62,12.15
2019-03-27 00:00,364,248.295,64.7764,287.508,12.63,826.321,5.267,94.4,29.1,10.19
2019-03-28 00:00,365,271.248,27.6927,399.239,17.05,825.882,6.219,314.7,71.38,13.92
2019-03-29 00:00,366,234.553,72.8679,270.105,17.39,827.359,5.989,254.9,17.29,15.49
2019-03-30 00:00,367,274.177,17.341,445.506,18.93,826.299,5.28,297.3,30.85,14.11
2019-03-31 00:00,368,266.365,21.3727,426.997,18.68,825.929,5.12,268.7,14.22,13.43
2019-04-01 00:00,369,214.247,81.3451,222.108,15.84,823.549,7.87,281.7,17.25,19.6
2019-04-02 00:00,370,273.382,20.4167,433.574,7.833,825.205,5.654,181.3,53.45,15.78
2019-04-03 00:00,371,249.335,43.6651,345.641,8.89,825.735,5.499,106.3,14.28,10.49
2019-04-04 00:00,372,253.78,34.4265,386.844,16.28,821.941,6.802,312.6,57.7,16.56
2019-04-05 00:00,373,178.887,115.677,124.366,11.69,821.187,6.371,248.2,30.6,12.84
2019-04-06 00:00,374,254.365,25.9809,385.485,8.12,825.399,6.882,114.8,25.29,11.47
2019-04-07 00:00,375,242.406,30.8215,332.939,11.57,825.195,4.887,84.5,60.23,11.47
2019-04-08 00:00,376,194.785,66.337,200.241,15.71,822.893,5.857,55.33,59.48,15.39
2019-04-09 00:00,377,239.936,28.9153,365.491,15.01,823.626,5.137,76.21,59.19,13.23
2019-04-10 00:00,378,219.717,52.8713,300.214,15.93,824.76,6.584,93.4,25.09,13.53
2019-04-11 00:00,379,238.201,23.1596,378.46,17.39,824.806,5.372,19.03,92.1,12.84
2019-04-12 00:00,380,229.079,26.7739,372.913,18.83,826.035,4.619,11.02,55.39,10.78
2019-04-13 00:00,381,210.708,44.4443,307.688,18.79,824.588,7.149,317.1,38.97,18.62
2019-04-14 00:00,382,212.937,47.2457,326.313,17.11,821.404,8.68,311.5,31.04,21.66
2019-04-15 00:00,383,199.221,78.5503,199.019,7.31,821.195,6.963,259.8,22.72,16.07
2019-04-16 00:00,384,215.943,44.9849,305.063,7.538,823.23,4.953,160.9,67.59,10.78
2019-04-17 00:00,385,224.876,24.1144,353.674,9.12,824.092,3.336,196.9,43.32,11.27
2019-04-18 00:00,386,194.501,53.2441,280.281,10.37,824.189,2.905,120.8,72.15,8.53                                                                                                                                                                                                                                                                                                                                                                                                                                                                                                                                                                                                                                                                                                                                                                                                                                                                                                                                                                                                                                                                                                                                                                                                                                                                                                                                                                                                                                                                                                                                                                                                                                                                                                                                                                                                                                                                                                                                                                                                                                                                                                                                                                                                                                                                                                                                                                                                                                                                                                                                                                                                                                                                                                                                                                                                                                                                                                                                                                                                                                                                                                                                                                                                                                                                                                                                                                                                                                                                                                                                                                                                                                                                                                                                                                                                                                                                                                                                                                                                                                                                                                                                                                                                                                                                                                                                                                                                                                                                                                                                                                                                                                                                                                                                                                                                                                                                                                                                                                                                                                                                                                                                                                                                                                                                                                                                                                                                                                                                                                                                                                                                                                                                                                                                                                                                                                                                                                                                                                                                                                                                                                                                                                                                                                                                                                                                                                                                                                                                                                                                                                                                                                                                                                                                                                                                                                                                                                                                                                                                                                                                                                                                                                                                                                                                                                                                                                                                                                                                                                                                                                                                                                                                                                                                                                                                                                                                                                                                                                                                                                                                                                                                                                                                                                                                                                                                                                                                                                                                                                                                                                                                                                                                                                                                                                                                                                                                                                                                                                                                                                                                                                                                                                                                                                                                                                                                                                                                                                                                                                                                                                                                                                                                                                                                                                                                                                                                                                                                                                                                                                                                                                                                                                                                                                                                                                                                                                                                                                                                                                                                                                                                                                                                                                                                                                                                                                                                                                                                                                                                                                                                                                                                                                                                                                                                                                                                                                                                                                                                                                                                                                                                                                                                                                                                                                                                                                                                                                                                                                                                                                                                                                                                                                                                                                                                                                                                                                                                                                                                                                                                                                                                                                                                                                                                                                                                                                                                                                                                                                                                                                                                                                                                                                                                                                                                                                                                                                                                                                                                                                                                                                                                                                                                                                                                                                                                                                                                                                                                                                                                                                                                                                                                                                                                                                                                                                                                                                                                                                                                                                                                                                                                                                                                                                                                                                                                                                                                                                                                                                                                                                                                                                                                                                                                                                                                                                                                                                                                                                                                                                                                                                                                                                                                                                                                                                                                                                                                                                                                                                                                                                                                                                                                                                                                                                                                                                                                                                                                                                                                                                                                                                                                                                                                                                                                                                                                                                                                                                                                                                                                                                                                                                                                                                                                                                                                                                                                                                                                                                                                                                                                                                                                                                                                                                                                                                                                                                                                                                                                                                                                                                                                                                                                                                                                                                                                                                                                                                                                                                                                                                                                                                                                                                                                                                                                                                                                                                                                                                                                                                                                                                                                                               