"TOA5","UPR - GIZ University of Pretoria","Latitude: -25.75308","Longitude: 28.22859","Elevation: 1410 m",,,SAURAN
"Date","RecNum","GHI_CMP11","DNI_CHP1","DHI_CMP11","Air_Temp","BP","RH","Rain_Tot","WS","WD","WD_SD"
"TS","RN","W/m^2","W/m^2","W/m^2","Deg C","mbar","%","mm","meters/second","Deg","Deg"
"","","Avg","Avg","Avg","Avg","Avg","Smp","Tot","WVc","WVc","WVc"
2018-06-01 00:00,38466,0,0,0,11.04,864,93.4,0,0.678,126.4,14.64
2018-06-01 01:00,38467,0,0,0,10.99,864,92.6,0,0.593,125.1,13.57
2018-06-01 02:00,38468,0,0,0,10.65,864,93.4,0,0.345,167.6,27.62
2018-06-01 03:00,38469,0,0,0,9.67,864,94.5,0,0.048,272.8,6.595
2018-06-01 04:00,38470,0,0,0,8.91,864,93.9,0,0.112,275.5,10.6
2018-06-01 05:00,38471,0,0,0,8.29,864,93,0,0.196,271.9,13.92
2018-06-01 06:00,38472,0,0.0926377,0.0239205,8.66,864,94.9,0,0.471,212.1,23.02
2018-06-01 07:00,38473,1.56466,0.151872,1.54771,9.69,864,96,0,0.832,215.9,19.27
2018-06-01 08:00,38474,34.734,0.342163,34.5679,10.64,864,96.1,0,0.792,236.9,28.79
2018-06-01 09:00,38475,114.412,0.533677,114.006,11.48,865,94.4,0,1.555,236.8,25.23
2018-06-01 10:00,38476,270.847,41.5935,246.521,12.68,865,84.2,0,1.856,230.5,30.26
2018-06-01 11:00,38477,527.683,405.736,281.407,15.68,865,71.64,0,1.345,239.5,36.55
2018-06-01 12:00,38478,619.028,665.183,184.337,16.89,865,69.81,0,0.813,222.4,63.73
2018-06-01 13:00,38479,679.547,782.627,165.415,18.18,864,59.04,0,0.865,263.3,52.66
2018-06-01 14:00,38480,607.926,778.669,91.0884,19.19,864,52.71,0,1.16,265.3,56.08
2018-06-01 15:00,38481,492.318,829.632,80.1889,20.38,863,51.2,0,0.951,260.3,56.66
2018-06-01 16:00,38482,323.931,733.75,64.2221,20.13,863,50.84,0,1.381,279.9,47.56
2018-06-01 17:00,38483,131.383,526.264,36.2812,19.21,863,54.38,0,1.758,291.3,34.7
2018-06-01 18:00,38484,6.96107,67.9913,3.69729,17.08,864,65.24,0,1.881,294.9,19.78
2018-06-01 19:00,38485,0,0,0,15.63,864,70.71,0,0.604,304.3,15.78
2018-06-01 20:00,38486,0,0,0,14.64,865,74.21,0,0.351,196.2,15.27
2018-06-01 21:00,38487,0,0,0,13.7,865,75.24,0,1.494,197.1,21.47
2018-06-01 22:00,38488,0,0,0,12.96,866,76.3,0,0.907,180.7,17.16
2018-06-01 23:00,38489,0,0,0,12.53,866,49.49,0,0.818,162.5,25.37
2018-06-02 00:00,38490,0,0,0,11.92,866,45.12,0,0.718,161.7,31.42
2018-06-02 01:00,38491,0,0,0,11.53,867,48.72,0,0.972,131.4,31.87
2018-06-02 02:00,38492,0,0,0,10.81,867,46.45,0,1.098,126,25.96
2018-06-02 03:00,38493,0,0,0,9.49,867,55.55,0,0.22,140.9,30.12
2018-06-02 04:00,38494,0,0,0,8.29,867,63.92,0,0.156,335.5,26.16
2018-06-02 05:00,38495,0,0,0,7.457,866,68.19,0,0.253,348.5,24.04
2018-06-02 06:00,38496,0,0,0,6.549,867,70.41,0,0.237,133.6,31.7
2018-06-02 07:00,38497,2.59769,49.417,1.18428,6.21,867,67.44,0,0.375,275,21.07
2018-06-02 08:00,38498,115.322,649.041,19.3265,9.2,867,56.03,0,0.098,21.72,24.6
2018-06-02 09:00,38499,318.71,890.842,31.6761,11.46,868,43.33,0,0.594,78.59,18.56
2018-06-02 10:00,38500,500.998,978.471,37.8544,14.99,869,30.75,0,1.036,99.1,25.39
2018-06-02 11:00,38501,637.008,1012.75,44.8154,16.7,868,22.61,0,2.582,113.1,26.37
2018-06-02 12:00,38502,705.994,1022.56,47.1623,18.11,868,26.1,0,2.395,82.6,25.55
2018-06-02 13:00,38503,706.729,1009.13,51.5863,19.62,867,22.31,0,2.18,46.33,22.89
2018-06-02 14:00,38504,644.287,999.718,46.2366,21.22,866,18.32,0,1.528,26.32,42.24
2018-06-02 15:00,38505,519.98,961.846,41.9267,22.04,866,16.67,0,1.389,352.2,30.87
2018-06-02 16:00,38506,345.826,881.338,35.8483,21.81,866,18.31,0,1.946,342.9,25.68
2018-06-02 17:00,38507,140.176,643.201,25.4856,21.07,866,23.51,0,2.109,328.6,20.92
2018-06-02 18:00,38508,6.9445,84.8804,2.89862,18.8,866,27.48,0,3.174,328.1,13.07
2018-06-02 19:00,38509,0,0,0,16.71,867,34.59,0,1.056,292.1,43.48
2018-06-02 20:00,38510,0,0,0,15.85,867,36.83,0,0.552,267.7,27.96
2018-06-02 21:00,38511,0,0,0,14.7,868,37.36,0,0.257,165,23.8
2018-06-02 22:00,38512,0,0,0,13.83,868,42.06,0,0.884,229.9,22.07
2018-06-02 23:00,38513,0,0,0,13.25,868,43.89,0,1.079,218.5,18.33
2018-06-03 00:00,38514,0,0,0,11.97,868,53.37,0,0.43,281.8,10.42
2018-06-03 01:00,38515,0,0,0,9.92,868,60.03,0,0.637,308.7,26
2018-06-03 02:00,38516,0,0,0,9.3,868,51.17,0,0.607,107.8,12.32
2018-06-03 03:00,38517,0,0,0,9.73,868,51.36,0,1.049,121.7,19.74
2018-06-03 04:00,38518,0,0,0,8.75,868,64.51,0,0.224,178,16.58
2018-06-03 05:00,38519,0,0,0,7.993,868,59.47,0,0.698,118.3,26.44
2018-06-03 06:00,38520,0,0,0,8.18,868,67.76,0,0.884,242,42.94
2018-06-03 07:00,38521,2.21219,29.2794,1.27093,6.734,868,65.53,0,0.333,267.5,37.57
2018-06-03 08:00,38522,109.212,582.103,22.4925,10.29,868,52.59,0,0.284,218.1,26.87
2018-06-03 09:00,38523,307.232,843.241,36.2731,14.44,869,41.67,0,0.202,224.1,17.97
2018-06-03 10:00,38524,488.041,937.184,44.4424,18.22,869,35.73,0,0.167,251.2,32.53
2018-06-03 11:00,38525,614.601,959.688,53.7468,19.02,869,32.25,0,0.388,253.2,48.75
2018-06-03 12:00,38526,680.701,953.309,66.4472,19.78,869,30.63,0,1.153,284.6,50.23
2018-06-03 13:00,38527,697.914,989.114,55.1626,21.12,868,21.75,0,0.768,246.7,61.21
2018-06-03 14:00,38528,626.382,950.324,57.359,22.22,868,20.28,0,0.737,239.5,59.9
2018-06-03 15:00,38529,503.735,912.043,50.079,22.95,867,21.78,0,0.752,218.2,49.3
2018-06-03 16:00,38530,328.754,809.917,43.5218,22.95,867,24.47,0,0.946,282.9,51.12
2018-06-03 17:00,38531,133.116,567.766,31.2245,21.17,867,28.38,0,1.859,291.1,31.17
2018-06-03 18:00,38532,6.841,74.1736,3.25494,19.05,867,35.53,0,0.369,277,20.37
2018-06-03 19:00,38533,0,0,0,16.72,868,39.58,0,1.014,208,30.34
2018-06-03 20:00,38534,0,0,0,15.85,868,27.98,0,2.883,184.1,12.87
2018-06-03 21:00,38535,0,0,0,15.52,869,26.41,0,2.976,187.7,15.08
2018-06-03 22:00,38536,0,0,0,14.95,869,26.04,0,2.615,167.7,21.85
2018-06-03 23:00,38537,0,0,0,14.36,869,26.88,0,2.733,164.2,23.93
2018-06-04 00:00,38538,0,0,0,13.86,869,28.43,0,2.952,173.8,20.87
2018-06-04 01:00,38539,0,0,0,12.37,868,31.58,0,1.054,199.7,26.19
2018-06-04 02:00,38540,0,0,0,12.01,868,32.62,0,2.989,179.9,18.53
2018-06-04 03:00,38541,0,0,0,11.16,868,33.39,0,1.688,173.9,22.17
2018-06-04 04:00,38542,0,0,0,11.03,868,33.37,0,1.4,147.9,42.09
2018-06-04 05:00,38543,0,0,0,10.71,868,35.05,0,0.926,44.67,48.82
2018-06-04 06:00,38544,0,0,0,10.09,869,40.27,0,2.277,107.5,35.09
2018-06-04 07:00,38545,2.26134,34.0851,1.22744,8.31,869,55.55,0,1.219,147.5,42.12
2018-06-04 08:00,38546,109.859,589.259,23.755,8.19,870,67.95,0,1.46,142,38.37
2018-06-04 09:00,38547,306.122,806.749,48.4416,9.69,870,70.66,0,1.387,148,48.78
2018-06-04 10:00,38548,482.459,888.474,63.0337,12.53,870,60.98,0,2.798,128.1,37.95
2018-06-04 11:00,38549,608.736,914.785,76.8303,14.49,871,58.54,0,3.23,118.9,29.53
2018-06-04 12:00,38550,674.667,908.869,90.9401,15.62,871,49.42,0,3.786,110.7,30.19
2018-06-04 13:00,38551,678.208,913.615,87.0928,16.72,870,41.94,0,3.663,106,28.04
2018-06-04 14:00,38552,599.982,859.721,86.2394,18,870,36.55,0,2.753,106.5,32.45
2018-06-04 15:00,38553,476.593,798.727,80.4749,18.51,869,35.88,0,2.504,92.9,32.62
2018-06-04 16:00,38554,314.61,720.29,61.3165,18.77,869,33.76,0,1.646,101.3,38.6
2018-06-04 17:00,38555,119.908,457.147,37.1657,18.54,869,36.1,0,1.299,73.33,31.83
2018-06-04 18:00,38556,5.22878,37.7126,3.39872,17.14,870,39.91,0,0.786,109.9,24.15
2018-06-04 19:00,38557,0,0,0,15.67,870,48.11,0,0.792,71.29,38.72
2018-06-04 20:00,38558,0,0,0,14.76,871,46.05,0,1.98,128.3,19.76
2018-06-04 21:00,38559,0,0,0,13.58,871,48.61,0,2.613,132.1,20.93
2018-06-04 22:00,38560,0,0,0,12.22,871,54.42,0,2.738,135.2,27.02
2018-06-04 23:00,38561,0,0,0,10.72,871,61.2,0,3.277,135.4,30.22
2018-06-05 00:00,38562,0,0,0,9.88,871,69.22,0,4.034,133.9,30.29
2018-06-05 01:00,38563,0,0,0,9.28,871,76.87,0,3.798,120.9,30.95
2018-06-05 02:00,38564,0,0,0,8.61,871,79.83,0,2.929,131.7,33.05
2018-06-05 03:00,38565,0,0,0,8.18,871,79.83,0,3.02,124.7,25.63
2018-06-05 04:00,38566,0,0,0,7.776,871,82.2,0,3.221,125,26.9
2018-06-05 05:00,38567,0,0,0,6.319,871,85.6,0,3.073,119.5,26.56
2018-06-05 06:00,38568,0,0,0,5.605,872,85.9,0,1.911,131.7,30.98
2018-06-05 07:00,38569,1.76445,6.1184,1.45159,6.24,872,84,0,0.695,130.3,25.29
2018-06-05 08:00,38570,92.2055,385.397,32.9265,7.76,872,73.24,0,1.424,128.8,25.98
2018-06-05 09:00,38571,280.821,692.851,59.1389,9.94,873,63.71,0,1.859,107.7,27.76
2018-06-05 10:00,38572,461.375,831.086,69.7548,11.44,873,53.8,0,2.543,111.5,27.17
2018-06-05 11:00,38573,590.885,891.631,73.9236,13.51,873,48.16,0,1.266,81.4,36.21
2018-06-05 12:00,38574,655.839,893.128,84.443,14.84,872,47.54,0,1.505,63.53,43.9
2018-06-05 13:00,38575,652.111,857.333,98.8356,15.99,872,44.91,0,1.242,8.19,41.96
2018-06-05 14:00,38576,586.164,818.061,99.0622,17.74,871,42.63,0,1.107,8.68,57.61
2018-06-05 15:00,38577,461.4,743.586,93.285,18.97,870,37.13,0,0.69,343.3,55.49
2018-06-05 16:00,38578,282.335,570.733,80.9695,19.74,870,37.11,0,0.41,233.6,52.42
2018-06-05 17:00,38579,99.0289,287.311,46.2462,17.66,870,45.93,0,1.185,341.8,23.56
2018-06-05 18:00,38580,4.04807,12.8537,3.49251,15.68,870,43.57,0,0.751,51.74,53.66
2018-06-05 19:00,38581,0,0,0,14.57,871,45.46,0,0.392,130.4,23.15
2018-06-05 20:00,38582,0,0,0,13.24,871,51.44,0,0.598,164.7,46.62
2018-06-05 21:00,38583,0,0,0,12.58,872,53.27,0,0.577,129.4,47.79
2018-06-05 22:00,38584,0,0,0,11.65,872,56.27,0,1.122,118.4,25.19
2018-06-05 23:00,38585,0,0,0,10.98,872,47.58,0,3.028,134,29.5
2018-06-06 00:00,38586,0,0,0,10.62,872,52.53,0,2.282,134.6,23.32
2018-06-06 01:00,38587,0,0,0,9.82,872,59.11,0,0.969,136.5,24.81
2018-06-06 02:00,38588,0,0,0,8.66,872,64.01,0,0.644,86.9,38.47
2018-06-06 03:00,38589,0,0,0,7.671,872,68.73,0,0.426,154.4,42.03
2018-06-06 04:00,38590,0,0,0,6.381,872,71.65,0,0.188,202.5,26.31
2018-06-06 05:00,38591,0,0,0,6.848,872,73.16,0,0.654,141.1,21.84
2018-06-06 06:00,38592,0,0,0,5.87,872,75.45,0,0.109,265.3,19.05
2018-06-06 07:00,38593,1.82091,12.8387,1.43631,5.625,873,76.38,0,0.186,242.1,26.79
2018-06-06 08:00,38594,90.4412,400.99,30.9706,8.21,873,57.6,0,0.077,245.9,20.78
2018-06-06 09:00,38595,267.673,657.686,59.5812,12,873,51.6,0,0.078,310.4,26.12
2018-06-06 10:00,38596,438.364,765.417,79.0456,14.63,873,46.82,0,0.255,273.9,34.21
2018-06-06 11:00,38597,559.071,801.332,94.5549,15.47,873,44.39,0,0.682,295.2,31.65
2018-06-06 12:00,38598,633.51,830.62,102.248,16.75,872,37.78,0,0.735,297.6,36.81
2018-06-06 13:00,38599,631.322,806.143,111.649,17.84,871,38.11,0,0.877,327.8,43.75
2018-06-06 14:00,38600,567.108,760.514,114.421,18.17,871,37.47,0,1.319,329.4,39.71
2018-06-06 15:00,38601,434.392,655.439,110.405,17.98,870,38.2,0,1.962,349.7,32.93
2018-06-06 16:00,38602,266.205,500.3,90.1267,18.09,870,40.23,0,1.796,338.8,27.88
2018-06-06 17:00,38603,92.9206,239.291,49.0093,17.19,870,43.91,0,1.648,340.3,24.13
2018-06-06 18:00,38604,4.03549,10.9427,3.45384,15.68,870,50.06,0,1.704,308.4,18.46
2018-06-06 19:00,38605,0,0,0,14.65,870,56.1,0,0.585,271.8,21.1
2018-06-06 20:00,38606,0,0,0,13.36,870,61.55,0,0.653,253.4,22.13
2018-06-06 21:00,38607,0,0,0,12.4,871,64.61,0,0.14,202.3,10.06
2018-06-06 22:00,38608,0,0,0,11.97,871,64.96,0,0.174,192.3,23.34
2018-06-06 23:00,38609,0,0,0,11.15,871,71.74,0,0.396,274.6,10.91
2018-06-07 00:00,38610,0,0,0,10.21,870,74.49,0,0.084,279.4,13.56
2018-06-07 01:00,38611,0,0,0,9.87,870,71.69,0,0.138,253.5,14.99
2018-06-07 02:00,38612,0,0,0,10.29,870,72.6,0,0.937,242.7,17.81
2018-06-07 03:00,38613,0,0,0,9.94,870,72.95,0,0.941,223,23.73
2018-06-07 04:00,38614,0,0,0,9.05,870,75.63,0,0.254,240.6,12.97
2018-06-07 05:00,38615,0,0,0,8.12,869,79.17,0,0.175,11.68,17.81
2018-06-07 06:00,38616,0,0,0,7.152,870,80.7,0,0.154,287.6,11.18
2018-06-07 07:00,38617,1.61677,8.49411,1.42966,6.323,870,80.1,0,0.035,260.8,14.89
2018-06-07 08:00,38618,94.4528,452.383,27.6371,9.4,870,57.62,0,0.34,281.5,15.29
2018-06-07 09:00,38619,282.959,738.864,48.8514,13.43,871,47.79,0,0.176,269.8,20.82
2018-06-07 10:00,38620,458.875,856.045,58.6672,17.04,871,38.55,0,0.626,237.9,26.17
2018-06-07 11:00,38621,584.707,896.419,68.2986,18.71,871,35.52,0,0.92,220.9,30.91
2018-06-07 12:00,38622,648.354,906.076,71.809,20.2,870,27.41,0,0.746,185.2,34.25
2018-06-07 13:00,38623,656.999,910.223,71.6866,21.12,869,25,0,1.014,188.4,41.66
2018-06-07 14:00,38624,587.766,865.058,74.7734,22.47,868,23.06,0,0.787,204.4,45.42
2018-06-07 15:00,38625,469.796,803.406,72.9453,22.54,868,21.61,0,1.038,209.5,33.43
2018-06-07 16:00,38626,308.103,717.476,58.55,22.2,868,17.52,0,1.135,215.4,31.51
2018-06-07 17:00,38627,117.824,466.781,33.2945,21.21,868,19.94,0,0.678,224,29.95
2018-06-07 18:00,38628,4.07378,35.9848,2.54019,18.4,868,24.55,0,1.146,207.3,15.89
2018-06-07 19:00,38629,0,0,0,15.8,868,30.21,0,2.022,179.9,14.94
2018-06-07 20:00,38630,0,0,0,14.3,869,38.3,0,0.795,204.6,23.42
2018-06-07 21:00,38631,0,0,0,13.35,869,33.85,0,2.67,194.2,16.53
2018-06-07 22:00,38632,0,0,0,13.06,869,36.77,0,3.929,176.4,14.66
2018-06-07 23:00,38633,0,0,0,12.9,869,39.35,0,2.869,167.7,16.57
2018-06-08 00:00,38634,0,0,0,12.3,869,40.85,0,2.277,185,19.11
2018-06-08 01:00,38635,0,0,0,12.03,869,46.11,0,1.036,206,34.98
2018-06-08 02:00,38636,0,0,0,10.29,869,49.98,0,0.574,263,29.97
2018-06-08 03:00,38637,0,0,0,10.39,869,44.11,0,1.161,194.2,31.17
2018-06-08 04:00,38638,0,0,0,10.69,868,44.77,0,1.55,180.5,20.6
2018-06-08 05:00,38639,0,0,0,11.02,868,42.57,0,1.026,166.9,25.86
2018-06-08 06:00,38640,0,0,0,10.73,868,46.74,0,0.934,158.8,39.9
2018-06-08 07:00,38641,1.63294,21.6794,1.00399,10.02,869,47.95,0,0.636,178.1,45.31
2018-06-08 08:00,38642,99.8393,540.681,22.0556,10.63,869,43.35,0,0.545,198.1,47.73
2018-06-08 09:00,38643,290.341,800.351,39.6919,14.08,869,39,0,0.521,186.8,51.31
2018-06-08 10:00,38644,455.831,860.93,55.7383,16.89,870,35.27,0,0.388,312.6,21.62
2018-06-08 11:00,38645,583.163,893.563,68.5276,18.71,870,28.86,0,0.521,208.1,40.51
2018-06-08 12:00,38646,657.789,930.217,66.4276,20.8,869,22.24,0,1.286,192.5,32.57
2018-06-08 13:00,38647,664.106,934.363,64.5577,22.08,868,17.99,0,1.132,189.1,30.97
2018-06-08 14:00,38648,588.626,875.576,69.1376,23.49,868,20.64,0,0.598,253.5,53.84
2018-06-08 15:00,38649,459.206,780.825,73.934,22.49,867,23.57,0,0.808,279.7,51.62
2018-06-08 16:00,38650,287.876,636.957,64.8648,22.35,867,22.39,0,0.574,305.6,52.21
2018-06-08 17:00,38651,106.479,370.29,38.2269,21.09,867,27.37,0,1.219,318.5,22.92
2018-06-08 18:00,38652,4.79769,25.6757,3.6177,18.43,867,31.04,0,2.757,316.7,16.56
2018-06-08 19:00,38653,0,0,0,16.68,868,36.65,0,1.357,295.8,22.1
2018-06-08 20:00,38654,0,0,0,15.64,868,35.86,0,0.881,251.1,13.18
2018-06-08 21:00,38655,0,0,0,14.48,869,39.09,0,0.328,223.4,42.4
2018-06-08 22:00,38656,0,0,0,13.64,869,41.1,0,0.125,120.7,8.63
2018-06-08 23:00,38657,0,0,0,12.9,869,34.94,0,0.664,190.6,12.27
2018-06-09 00:00,38658,0,0,0,12.1,869,41.13,0,0.881,210.8,15.67
2018-06-09 01:00,38659,0,0,0,10.32,869,48.7,0,0.245,252,41.57
2018-06-09 02:00,38660,0,0,0,9.55,869,48.71,0,0.727,114,19.63
2018-06-09 03:00,38661,0,0,0,9.2,868,49.62,0,0.503,113.8,26.37
2018-06-09 04:00,38662,0,0,0,9.86,868,49.44,0,0.464,147.5,32.93
2018-06-09 05:00,38663,0,0,0,7.984,868,62,0,0.11,182.6,14.27
2018-06-09 06:00,38664,0,0,0,6.719,868,65.85,0,0.132,264.5,12.48
2018-06-09 07:00,38665,1.36904,8.78109,1.09487,6.077,868,63.96,0,0.105,242.8,31.34
2018-06-09 08:00,38666,94.3153,462.7,26.712,9.45,869,47.4,0,0.122,199.4,7.265
2018-06-09 09:00,38667,287.679,777.676,45.0546,13.3,869,37.85,0,0.25,105.7,23.39
2018-06-09 10:00,38668,465.941,885.619,55.532,14.7,869,36.57,0,1.602,76.98,23.81
2018-06-09 11:00,38669,598.058,937.33,60.3521,17.1,869,29.22,0,0.91,67.66,29.51
2018-06-09 12:00,38670,666.052,951.798,62.2455,20.74,868,26.93,0,0.648,265.5,36.77
2018-06-09 13:00,38671,653.058,886.163,84.405,20.15,868,23.4,0,1.092,252.4,54.44
2018-06-09 14:00,38672,615.608,926.974,66.648,20.71,867,22.65,0,0.96,251.7,61.64
2018-06-09 15:00,38673,497.369,889.205,60.2448,21.09,866,19.65,0,1.172,287.5,47.29
2018-06-09 16:00,38674,319.657,758.298,54.4544,21.2,866,21.86,0,0.792,282.8,46.43
2018-06-09 17:00,38675,124.483,491.95,36.722,19.9,866,25.13,0,1.293,292,30.87
2018-06-09 18:00,38676,5.93935,51.4062,3.46077,17.7,866,27.25,0,1.863,286.9,21.09
2018-06-09 19:00,38677,0,0,0,16.31,867,32.78,0,1.211,282.2,19.42
2018-06-09 20:00,38678,0,0,0,15.27,867,32.58,0,0.557,250.1,16.25
2018-06-09 21:00,38679,0,0,0,14.91,867,32.55,0,0.944,237.2,12.81
2018-06-09 22:00,38680,0,0,0,13.86,867,37.45,0,1.115,215.6,11.18
2018-06-09 23:00,38681,0,0,0,12.52,867,41.58,0,0.178,285.2,12.54
2018-06-10 00:00,38682,0,0,0,11.86,867,40.26,0,0.409,223.8,27.72
2018-06-10 01:00,38683,0,0,0,11.45,867,51.06,0,0.885,224.7,25.05
2018-06-10 02:00,38684,0,0,0,9.46,867,52.1,0,0.447,275.3,17.02
2018-06-10 03:00,38685,0,0,0,9.47,867,49.04,0,0.217,265,16.39
2018-06-10 04:00,38686,0,0,0,9.52,867,45.71,0,0.549,232.4,24.39
2018-06-10 05:00,38687,0,0,0,9.2,867,51.43,0,1.232,229.9,16.75
2018-06-10 06:00,38688,0,0,0,8.56,867,45.18,0,1.309,220.4,17.56
2018-06-10 07:00,38689,1.31126,13.9874,0.958953,9.3,867,48.99,0,1.398,214,15.28
2018-06-10 08:00,38690,95.4048,494.025,24.6538,10.67,868,39.64,0,0.129,250.6,13.68
2018-06-10 09:00,38691,285.339,775.555,43.501,15.08,868,34.19,0,1.182,233.3,14.55
2018-06-10 10:00,38692,460.347,884.063,51.6024,19.47,869,24.65,0,0.16,238.2,18.2
2018-06-10 11:00,38693,602.656,951.594,57.2009,20.18,869,20.37,0,1.516,181.5,33.46
2018-06-10 12:00,38694,651.397,903.868,79.1125,21.18,868,20.92,0,1.263,192.2,31.54
2018-06-10 13:00,38695,670.945,927.897,76.6207,21.76,867,19.29,0,1.476,196.3,30.21
2018-06-10 14:00,38696,601.833,886.36,76.0538,22.71,867,22.82,0,1.178,190.7,31.43
2018-06-10 15:00,38697,484.518,839.354,72.018,22.95,866,19.4,0,0.887,165.1,42.05
2018-06-10 16:00,38698,314.216,726.646,59.661,23.32,866,20.39,0,0.775,185.4,31.09
2018-06-10 17:00,38699,119.972,422.935,42.597,22.31,866,24.4,0,0.44,193.2,24.98
2018-06-10 18:00,38700,4.95139,25.6216,3.84126,18.8,867,29.82,0,0.702,181.6,29.41
2018-06-10 19:00,38701,0,0,0,16.54,868,28.38,0,1.143,160.1,25.73
2018-06-10 20:00,38702,0,0,0,15.85,868,29.1,0,0.869,150.6,25.15
2018-06-10 21:00,38703,0,0,0,15.4,868,30.14,0,1.455,172.6,23.32
2018-06-10 22:00,38704,0,0,0,14.95,869,31.71,0,1.748,181.2,15.43
2018-06-10 23:00,38705,0,0,0,13.86,869,35.33,0,0.695,181,17.37
2018-06-11 00:00,38706,0,0,0,12.9,869,40.06,0,1.162,29.93,24.17
2018-06-11 01:00,38707,0,0,0,11.18,869,43.71,0,0.859,63.2,42.76
2018-06-11 02:00,38708,0,0,0,11.11,869,37.64,0,0.64,135,39.07
2018-06-11 03:00,38709,0,0,0,11.43,869,40.16,0,1.384,106,29.62
2018-06-11 04:00,38710,0,0,0,10.19,869,44.96,0,1.579,108.6,18.26
2018-06-11 05:00,38711,0,0,0,9.16,869,53.67,0,2.772,107.1,24.25
2018-06-11 06:00,38712,0,0,0,7.942,870,59.36,0,2.842,129.4,33.52
2018-06-11 07:00,38713,2.12981,3.45156,1.94394,7.466,871,65.66,0,2.856,132.6,31.24
2018-06-11 08:00,38714,81.5696,205.84,54.0627,8.22,871,65.65,0,3.281,127.5,23.82
2018-06-11 09:00,38715,229.745,398.69,101.896,10.52,872,58.19,0,2.338,119.1,24.79
2018-06-11 10:00,38716,442.745,703.013,115.237,13.57,873,45.59,0,1.56,95.6,27.26
2018-06-11 11:00,38717,570.837,830.904,95.1562,14.9,873,45.51,0,3.09,51.93,22.65
2018-06-11 12:00,38718,642.654,857.987,99.6355,16.58,872,36.43,0,2.354,46.15,29.78
2018-06-11 13:00,38719,649.594,869.67,95.1314,18.18,872,33.27,0,1.817,53.71,36.35
2018-06-11 14:00,38720,588.732,841.387,93.1192,19,871,29.61,0,1.911,36.34,38.42
2018-06-11 15:00,38721,467.078,776.523,86.5646,19.63,871,30.39,0,1.4,64.27,33.86
2018-06-11 16:00,38722,299.309,647.568,74.0651,19.36,870,31.27,0,1.764,60.17,35.2
2018-06-11 17:00,38723,116.124,405.113,43.1553,18.71,871,33.5,0,1.709,16.91,29.54
2018-06-11 18:00,38724,5.37717,29.6877,4.03182,17.37,871,35.28,0,2.429,346.5,12.36
2018-06-11 19:00,38725,0,0,0,16.19,871,40.69,0,1.497,329.4,18.36
2018-06-11 20:00,38726,0,0,0,14.57,872,43.98,0,0.323,125.3,38.21
2018-06-11 21:00,38727,0,0,0,14.14,872,42.15,0,1.247,123,15.37
2018-06-11 22:00,38728,0,0,0,13.78,872,46.73,0,1.954,127,14.71
2018-06-11 23:00,38729,0,0,0,12.93,872,49.34,0,2.446,134.7,27.27
2018-06-12 00:00,38730,0,0,0,11.41,873,64.41,0,2.577,124.1,22.92
2018-06-12 01:00,38731,0,0,0,10.59,873,67.64,0,2.127,126.5,21.21
2018-06-12 02:00,38732,0,0,0,10.24,873,71.26,0,2.102,125,16.64
2018-06-12 03:00,38733,0,0,0,9.92,872,72.51,0,1.976,128.4,16.44
2018-06-12 04:00,38734,0,0,0,9.76,872,73.54,0,1.628,132.7,22.09
2018-06-12 05:00,38735,0,0,0,9.16,873,77.41,0,2.356,128.1,19.64
2018-06-12 06:00,38736,0,0,0,8.56,873,78.62,0,2.609,126.6,18.74
2018-06-12 07:00,38737,1.27732,3.2244,1.08836,8.54,873,77.08,0,2.408,132.2,20.03
2018-06-12 08:00,38738,81.5585,303.472,36.5371,9.68,874,68.76,0,1.548,131.7,18.75
2018-06-12 09:00,38739,263.269,608.486,74.7787,12.09,874,66.24,0,1.224,91.3,29.27
2018-06-12 10:00,38740,438.399,747.347,93.6139,12.83,875,64.34,0,2.526,65.42,25.7
2018-06-12 11:00,38741,575.258,811.599,111.518,14.05,875,55.78,0,3.09,32.42,30.13
2018-06-12 12:00,38742,551.015,577.545,186.802,14.87,874,50.18,0,3.083,35.94,32.56
2018-06-12 13:00,38743,426.582,358.64,199.19,15.22,873,47.95,0,3.666,34.34,25.62
2018-06-12 14:00,38744,610.008,761.29,161.338,16.25,872,45.84,0,3.911,22.63,33.09
2018-06-12 15:00,38745,439.484,634.753,124.585,16.53,872,45.65,0,3.914,20.9,39.16
2018-06-12 16:00,38746,341.352,651.149,115.236,16.55,871,45.19,0,3.653,18.91,29.42
2018-06-12 17:00,38747,124.607,405.879,52.1348,15.89,871,48.71,0,3.204,12.47,25.26
2018-06-12 18:00,38748,4.7038,5.3071,4.47568,14.62,871,52.92,0,2.536,25.76,17.68
2018-06-12 19:00,38749,0,0,0,13.67,872,56.63,0,2.504,29.53,16.37
2018-06-12 20:00,38750,0,0,0,13.12,872,55.51,0,1.805,50.79,16.77
2018-06-12 21:00,38751,0,0,0,13.1,873,54.46,0,1.299,47.74,16.06
2018-06-12 22:00,38752,0,0,0,12.82,873,60.56,0,1.522,44.71,11.18
2018-06-12 23:00,38753,0,0,0,11.45,872,60.75,0,0.238,99.4,17.96
2018-06-13 00:00,38754,0,0,0,10.92,872,65.03,0,0.798,106.5,16.75
2018-06-13 01:00,38755,0,0,0,10.67,872,63.14,0,0.37,125.8,13.61
2018-06-13 02:00,38756,0,0,0,10.57,872,65.25,0,1.199,106.6,14.74
2018-06-13 03:00,38757,0,0,0,10.1,872,69.09,0,0.993,121.8,12.07
2018-06-13 04:00,38758,0,0,0,10.27,871,71.25,0,1.255,111,13.64
2018-06-13 05:00,38759,0,0,0,10.1,871,74.6,0,1.337,115.3,16.48
2018-06-13 06:00,38760,0,0,0,10.04,871,76.36,0,0.906,117.2,13.47
2018-06-13 07:00,38761,1.05937,0.173354,1.00094,9.85,871,78.2,0,0.149,130.2,17.95
2018-06-13 08:00,38762,53.9937,17.0066,51.1889,10.29,872,74.52,0,0.201,147.5,26.69
2018-06-13 09:00,38763,206.478,335.233,92.0901,12.51,872,60.52,0,0.151,311.7,40.21
2018-06-13 10:00,38764,426.049,692.247,107.592,16.32,872,49.39,0,0.473,290,40.79
2018-06-13 11:00,38765,459.404,280.52,302.474,16.04,872,45.74,0,0.804,272.4,47.02
2018-06-13 12:00,38766,376.737,155.034,277.471,15.94,872,41.35,0,0.519,271.7,43.54
2018-06-13 13:00,38767,384.07,131.794,301.305,16.93,871,43.13,0,0.463,235.8,40.86
2018-06-13 14:00,38768,473.982,468.009,202.563,18.08,870,37.51,0,0.564,270.3,57.6
2018-06-13 15:00,38769,405.278,567.373,127.478,17.95,869,39,0,0.922,299.6,46.03
2018-06-13 16:00,38770,307.644,663.528,76.6361,18.27,869,42.28,0,0.943,305.9,45.17
2018-06-13 17:00,38771,114.786,406.582,41.8998,17.59,868,43.92,0,0.515,316.2,41.39
2018-06-13 18:00,38772,6.03918,39.2177,4.17949,15.24,868,49.52,0,1.847,296.7,20.43
2018-06-13 19:00,38773,0,0,0,14.11,869,57.43,0,0.967,291.6,20.33
2018-06-13 20:00,38774,0,0,0,12.95,869,57.41,0,0.407,259,19.92
2018-06-13 21:00,38775,0,0,0,12.34,869,60.36,0,0.572,241.7,17.39
2018-06-13 22:00,38776,0,0,0,11.53,869,61.28,0,0.123,251.6,10.47
2018-06-13 23:00,38777,0.00488931,0,0,11.72,869,60.74,0,0.39,254.7,23.77
2018-06-14 00:00,38778,0,0,0,11.87,869,62.62,0,0.336,254.1,30.92
2018-06-14 01:00,38779,0,0,0,11.66,868,62.26,0,0.284,238.3,16.61
2018-06-14 02:00,38780,0,0,0,11.98,868,64.53,0,0.222,263,15.95
2018-06-14 03:00,38781,0,0,0,11.86,867,63.37,0,0.4,260.5,41.63
2018-06-14 04:00,38782,0,0,0,11.97,867,63.54,0,0.778,289.4,15.56
2018-06-14 05:00,38783,0,0,0,11.7,867,63.32,0,0.892,283,14.88
2018-06-14 06:00,38784,0,0,0,12.2,867,61.48,0,0.677,274.6,22.96
2018-06-14 07:00,38785,0.614669,0,0.620665,12.22,867,62.44,0,0.86,284.1,22.14
2018-06-14 08:00,38786,29.7691,0,29.7584,12.47,868,61.13,0,0.556,278.9,23.56
2018-06-14 09:00,38787,75.465,0.0894552,75.3708,13,868,57.76,0,0.787,281.9,28.53
2018-06-14 10:00,38788,128.115,0.221576,127.956,13.52,868,55.14,0,0.813,263.5,49.57
2018-06-14 11:00,38789,224.03,0.867232,223.664,13.93,868,52.83,0,1.128,266.7,53.11
2018-06-14 12:00,38790,313.894,17.5188,303.391,14.47,867,49.78,0,1.573,286.6,46.76
2018-06-14 13:00,38791,543.73,359.65,315.705,15.77,866,43.51,0,1.627,290.9,50.3
2018-06-14 14:00,38792,601.129,796.76,134.695,16.76,865,44.21,0,1.834,299.7,45.08
2018-06-14 15:00,38793,492.048,866.713,66.886,16.96,864,43.03,0,2.234,298.4,41.75
2018-06-14 16:00,38794,324.521,770.636,55.6097,16.79,863,43.3,0,2.744,298.3,35.61
2018-06-14 17:00,38795,127.828,502.247,37.9589,16.66,863,47.02,0,1.711,291.1,43.63
2018-06-14 18:00,38796,6.48395,50.818,4.07267,15.27,864,53.47,0,0.762,259.3,50.9
2018-06-14 19:00,38797,0,0,0,14.16,864,56.68,0,0.971,282.6,23.54
2018-06-14 20:00,38798,0,0,0,13.39,864,59.07,0,0.564,286.2,13.78
2018-06-14 21:00,38799,0,0,0,12.7,864,60.71,0,0.43,287.2,20.05
2018-06-14 22:00,38800,0,0,0,12.27,864,64.14,0,0.767,257,18.18
2018-06-14 23:00,38801,0,0,0,11.45,864,66.63,0,1.064,263.3,18.51
2018-06-15 00:00,38802,0,0,0,10.95,864,66.04,0,0.369,260,13.32
2018-06-15 01:00,38803,0,0,0,10.51,864,70.13,0,0.285,265.5,11.06
2018-06-15 02:00,38804,0,0,0,9.56,864,71.86,0,0.287,242.7,12.43
2018-06-15 03:00,38805,0,0,0,8.85,863,75.71,0,0.106,268.3,5.767
2018-06-15 04:00,38806,0,0,0,8.22,863,77.82,0,0.093,272.7,5.582
2018-06-15 05:00,38807,0,0,0,7.551,863,78.82,0,0.028,268.2,14.31
2018-06-15 06:00,38808,0,0,0,7.496,863,75.11,0,0.279,134.2,12.07
2018-06-15 07:00,38809,1.24623,9.19567,1.05883,7.177,863,76.5,0,0.128,271.8,10.4
2018-06-15 08:00,38810,90.3043,494.83,22.53,10.51,863,56.55,0,0.016,303.1,9.82
2018-06-15 09:00,38811,280.206,787.91,39.7728,14.54,864,47.5,0,0.176,285.7,19.93
2018-06-15 10:00,38812,453.668,876.967,52.2795,16.57,864,45.61,0,0.349,269.4,39.03
2018-06-15 11:00,38813,586.145,916.196,64.3386,17.36,864,38.41,0,0.991,260.8,59.16
2018-06-15 12:00,38814,661.368,948.486,62.4784,18.9,863,36.4,0,1.031,223.6,66.55
2018-06-15 13:00,38815,670.273,952.96,61.6128,19.65,862,33.38,0,1.363,237.9,65.19
2018-06-15 14:00,38816,602.257,902.901,68.8801,20.17,861,32.08,0,1.338,236.4,65.57
2018-06-15 15:00,38817,486.093,856.043,64.7681,20.76,861,31.49,0,1.489,251.7,61.38
2018-06-15 16:00,38818,308.38,714.863,57.9205,21.12,860,28.99,0,1.596,253.5,60.43
2018-06-15 17:00,38819,124.096,484.918,35.4871,20.91,860,31.15,0,1.534,271.3,51.47
2018-06-15 18:00,38820,6.31183,46.7694,3.96008,18.95,861,35.56,0,1.81,283.1,35.03
2018-06-15 19:00,38821,0,0,0,17.59,861,38.78,0,1.188,273.7,34.72
2018-06-15 20:00,38822,0,0,0,16.54,862,41.57,0,0.779,271.5,32.89
2018-06-15 21:00,38823,0,0,0,15.35,862,44.83,0,0.74,259.1,23.25
2018-06-15 22:00,38824,0,0,0,14.25,863,47.71,0,1.06,241.6,18.7
2018-06-15 23:00,38825,0,0,0,13.37,863,40.89,0,0.999,244.1,36.81
2018-06-16 00:00,38826,0,0,0,12.26,863,39.58,0,0.761,254.8,32.05
2018-06-16 01:00,38827,0,0,0,11.34,863,39.59,0,0.977,261.5,27.9
2018-06-16 02:00,38828,0,0,0,10.21,863,44.56,0,0.645,246.6,13.34
2018-06-16 03:00,38829,0,0,0,9.23,862,46.44,0,1.174,213.5,16.62
2018-06-16 04:00,38830,0,0,0,10.21,862,53.15,0,3.491,208.2,18.17
2018-06-16 05:00,38831,0,0,0,9.32,863,60.2,0,1.339,211,22.23
2018-06-16 06:00,38832,0,0,0,8.23,863,64.77,0,1.607,204,24.41
2018-06-16 07:00,38833,1.08439,11.3823,0.803951,7.432,863,68.18,0,0.805,232.7,29.44
2018-06-16 08:00,38834,94.1126,542.609,20.6136,9.56,864,61.24,0,2.655,210,22.83
2018-06-16 09:00,38835,288.447,827.087,36.1538,12.12,865,51.86,0,3.032,211.3,22.83
2018-06-16 10:00,38836,461.349,914.008,44.191,15.43,865,43.89,0,1.371,203.3,29.84
2018-06-16 11:00,38837,594.121,960.662,48.512,16.67,865,35.84,0,2.043,197.4,27.67
2018-06-16 12:00,38838,668.96,983.794,49.2598,18.34,865,32.48,0,1.495,215.1,29.19
2018-06-16 13:00,38839,672.854,975.229,51.118,20.15,865,28.98,0,0.971,217,39.24
2018-06-16 14:00,38840,613.667,954.204,50.4707,21.31,865,24.24,0,0.739,212.3,41.77
2018-06-16 15:00,38841,493.625,903.958,49.3394,22.09,864,22.2,0,0.609,230.5,42.51
2018-06-16 16:00,38842,320.502,785.183,46.0831,21.62,864,23,0,0.743,215.5,45.13
2018-06-16 17:00,38843,122.812,505.998,32.072,20.65,865,25.07,0,0.333,240.7,50.03
2018-06-16 18:00,38844,4.83702,43.3232,2.78937,17.55,865,30.07,0,1.182,226,19.84
2018-06-16 19:00,38845,0,0,0,15.71,866,34.14,0,1.312,192.5,25.2
2018-06-16 20:00,38846,0,0,0,14.81,866,37.44,0,0.565,133.6,21.42
2018-06-16 21:00,38847,0,0,0,13.41,867,38.8,0,2.205,177.9,20.91
2018-06-16 22:00,38848,0,0,0,12.6,867,39.89,0,1.65,182.2,25.88
2018-06-16 23:00,38849,0,0,0,12.05,867,42.58,0,0.772,70.49,53.88
2018-06-17 00:00,38850,0,0,0,10.71,867,50.34,0,0.345,290.9,25.42
2018-06-17 01:00,38851,0,0,0,10.12,867,47.98,0,0.449,22.2,30.38
2018-06-17 02:00,38852,0,0,0,8.54,867,57.35,0,0.626,64.33,29.82
2018-06-17 03:00,38853,0,0,0,7.771,867,54.93,0,1.071,114.7,17.94
2018-06-17 04:00,38854,0,0,0,7.937,867,52.12,0,1.708,133.1,23.1
2018-06-17 05:00,38855,0,0,0,7.94,867,50.22,0,1.256,123.7,21.73
2018-06-17 06:00,38856,0,0,0,7.737,867,48.49,0,2.238,127.5,21.92
2018-06-17 07:00,38857,0.951504,4.61008,0.778459,8.14,867,47.86,0,2.466,127.8,20.99
2018-06-17 08:00,38858,85.9892,444.951,23.9669,10.29,868,44.21,0,0.587,139,30.67
2018-06-17 09:00,38859,272.513,750.515,44.4099,12.97,869,36.86,0,0.164,235.6,32.9
2018-06-17 10:00,38860,447.449,854.763,57.316,13.56,869,46.93,0,2.118,70.79,19.42
2018-06-17 11:00,38861,581.548,902.172,68.5692,14.21,869,51.31,0,3.384,38.14,24.42
2018-06-17 12:00,38862,656.78,930.185,70.1096,15.68,869,44.82,0,3.974,14.15,32.51
2018-06-17 13:00,38863,665.477,935.45,68.2937,16.75,868,42.83,0,3.633,350.4,34.14
2018-06-17 14:00,38864,585.016,856.069,77.5865,17.77,867,34.85,0,3.131,333.4,27.85
2018-06-17 15:00,38865,471.883,775.239,91.0406,19.09,867,33.12,0,2.196,314.6,39.96
2018-06-17 16:00,38866,291.182,646.593,61.3759,19.18,867,32.14,0,2.163,303.8,32.43
2018-06-17 17:00,38867,126.481,520.62,33.3011,18.69,867,33.72,0,1.839,306.2,27.53
2018-06-17 18:00,38868,6.33525,53.2749,3.57587,17.15,867,38.34,0,1.456,288.4,22.87
2018-06-17 19:00,38869,0,0,0,15.41,867,44.06,0,0.68,238,22.26
2018-06-17 20:00,38870,0,0,0,14.62,867,45.67,0,0.531,208.9,21.92
2018-06-17 21:00,38871,0,0,0,13.59,867,49.2,0,0.381,122,30
2018-06-17 22:00,38872,0,0,0,12.62,867,53.61,0,0.892,116.9,16.2
2018-06-17 23:00,38873,0,0,0,13.02,868,61.7,0,2.031,296.9,17.7
2018-06-18 00:00,38874,0,0,0,11.88,868,63.6,0,1.043,282.5,15.46
2018-06-18 01:00,38875,0,0,0,11.08,867,72.38,0,1.07,266.5,19.13
2018-06-18 02:00,38876,0,0,0,10.28,867,77.88,0,0.985,241.2,18.21
2018-06-18 03:00,38877,0,0,0,9.86,867,80.5,0,0.714,242.7,16.18
2018-06-18 04:00,38878,0,0,0,9.48,867,82.4,0,0.634,267.9,18.91
2018-06-18 05:00,38879,0,0,0,9.52,866,83.2,0,1.182,242.4,15.07
2018-06-18 06:00,38880,0,0,0,9.37,866,84.5,0,0.279,254.7,12.89
2018-06-18 07:00,38881,1.32945,3.04187,1.25158,8.49,866,82.7,0,0.24,283.6,15.03
2018-06-18 08:00,38882,83.8806,419.147,25.9321,10.03,867,65.84,0,0.254,281.8,13.62
2018-06-18 09:00,38883,267.408,727.097,47.0852,13.76,867,64.53,0,0.224,281.4,21.61
2018-06-18 10:00,38884,442.099,831.455,63.3457,15.17,868,58.1,0,0.415,274.9,42.33
2018-06-18 11:00,38885,578.2,889.145,74.7321,16.29,868,51.45,0,0.915,281.8,41.84
2018-06-18 12:00,38886,657.606,941.831,65.545,17.96,867,46.04,0,0.943,284.6,46.6
2018-06-18 13:00,38887,664.691,939.011,67.1423,19.6,866,40.72,0,0.794,275.4,53.05
2018-06-18 14:00,38888,600.95,895.418,73.4156,20.74,865,38.64,0,1.185,294.7,46.66
2018-06-18 15:00,38889,474.778,819.102,72.294,21.53,865,38.34,0,0.803,271.8,56.86
2018-06-18 16:00,38890,309.748,715.464,59.5753,21.52,864,40.41,0,1.149,286.2,47.19
2018-06-18 17:00,38891,124.907,469.859,38.9018,20.24,864,44.41,0,1.571,283.7,38.05
2018-06-18 18:00,38892,6.52913,43.5988,4.32963,18.11,864,49.34,0,1.223,279,34.38
2018-06-18 19:00,38893,0,0,0,16.69,865,51.11,0,0.944,282.2,17.08
2018-06-18 20:00,38894,0,0,0,16.23,865,52.54,0,0.968,264.5,18.95
2018-06-18 21:00,38895,0,0,0,15.15,865,56.74,0,0.879,223,17.59
2018-06-18 22:00,38896,0,0,0,14.02,865,56.77,0,0.505,247,16.8
2018-06-18 23:00,38897,0,0,0,14.23,865,54.12,0,1.704,217.4,9.91
2018-06-19 00:00,38898,0,0,0,13.74,865,61.23,0,0.794,225.8,14.86
2018-06-19 01:00,38899,0,0,0,12.26,865,65.49,0,0.628,239.9,8.85
2018-06-19 02:00,38900,0,0,0,11.04,865,66.95,0,0.116,241.5,17.26
2018-06-19 03:00,38901,0,0,0,10.58,865,68,0,0.068,227.7,13.51
2018-06-19 04:00,38902,0,0,0,11.2,865,62.29,0,1.239,214.2,11.5
2018-06-19 05:00,38903,0,0,0,10.72,864,71.99,0,1.322,221.4,13.9
2018-06-19 06:00,38904,0,0,0,8.86,865,73.29,0,0.181,264.7,18.13
2018-06-19 07:00,38905,0.896116,7.57947,0.75644,8.84,865,71.97,0,0.307,272.2,11.55
2018-06-19 08:00,38906,89.4337,504.347,21.7627,11.51,865,51.95,0,0.176,276.1,7.306
2018-06-19 09:00,38907,279.595,799.779,38.3145,15.94,866,49.25,0,0.132,278,26.83
2018-06-19 10:00,38908,452.272,884.862,49.7465,18.53,866,40.33,0,0.144,285.5,23.17
2018-06-19 11:00,38909,585.57,933.417,56.8803,19.77,866,41.7,0,0.463,263.5,46.64
2018-06-19 12:00,38910,657.142,942.851,63.5776,20.97,866,31.55,0,1.388,289.7,42.54
2018-06-19 13:00,38911,674.582,962.596,60.3005,22.14,865,24.64,0,1.129,258.2,60.68
2018-06-19 14:00,38912,609.488,922.582,64.2735,22.84,864,23.81,0,1.092,244.1,60.77
2018-06-19 15:00,38913,485.134,852.28,65.046,23.43,864,24.71,0,0.874,262.4,56.94
2018-06-19 16:00,38914,312.13,718.678,59.9173,23.25,864,26.87,0,1.166,268.4,54.74
2018-06-19 17:00,38915,125.36,486.827,37.5113,22.22,864,28.8,0,1.481,291.9,35.11
2018-06-19 18:00,38916,6.66657,53.4196,3.93409,20.46,864,31.53,0,1.887,301.4,18.24
2018-06-19 19:00,38917,0,0,0,19.41,865,32.96,0,0.924,308.6,11.84
2018-06-19 20:00,38918,0,0,0,17.63,865,38.23,0,0.492,239.6,39.42
2018-06-19 21:00,38919,0,0,0,16.43,866,37.2,0,0.625,209.3,20.62
2018-06-19 22:00,38920,0,0,0,15.82,866,37.29,0,0.713,213.2,13.76
2018-06-19 23:00,38921,0,0,0,15.3,866,39.71,0,0.623,241.6,21.99
2018-06-20 00:00,38922,0,0,0,14.56,866,39.12,0,1.316,223.8,14.52
2018-06-20 01:00,38923,0,0,0,14.41,866,37.69,0,1.919,215.8,10.55
2018-06-20 02:00,38924,0,0,0,13.62,866,42.28,0,2.024,218.8,12.19
2018-06-20 03:00,38925,0,0,0,11.76,866,55.53,0,0.463,220.8,26.33
2018-06-20 04:00,38926,0,0,0,10.08,866,55.4,0,0.263,278.1,13.78
2018-06-20 05:00,38927,0,0,0,9.39,866,57.77,0,0.221,283.1,17.61
2018-06-20 06:00,38928,0,0,0,9.06,867,50.86,0,0.287,177.9,37.04
2018-06-20 07:00,38929,0.897362,4.91526,0.727119,9.92,867,46.64,0,0.974,206.3,23.75
2018-06-20 08:00,38930,84.157,458.692,22.1432,11.97,868,43.42,0,0.191,131.3,35.51
2018-06-20 09:00,38931,270.698,765.601,40.3257,15.73,868,39.94,0,0.135,42.73,22.09
2018-06-20 10:00,38932,443.295,867.157,49.9019,19.27,869,32.35,0,0.311,48.11,37.04
2018-06-20 11:00,38933,575.523,917.223,56.7081,20.83,869,25.82,0,0.923,31.54,29.87
2018-06-20 12:00,38934,654.943,942.979,62.0207,21.79,868,20,0,1.889,353.8,39.68
2018-06-20 13:00,38935,665.231,941.93,65.2016,22.88,868,17.57,0,1.607,305,37.3
2018-06-20 14:00,38936,603.027,904.185,69.2759,23.37,867,20.13,0,2.257,340.6,27.99
2018-06-20 15:00,38937,484.455,849.059,66.116,23.04,867,18.88,0,2.378,330.2,29.77
2018-06-20 16:00,38938,303.526,690.359,61.036,23.32,867,18.31,0,1.373,318.4,38.83
2018-06-20 17:00,38939,119.84,437.51,39.5654,22.05,867,20.7,0,2.463,330.3,21.07
2018-06-20 18:00,38940,6.36195,41.012,4.32423,20.61,867,21.06,0,2.964,344.9,9.52
2018-06-20 19:00,38941,0,0,0,19.56,868,26.19,0,1.532,329.8,13.44
2018-06-20 20:00,38942,0,0,0,18.03,868,24.72,0,0.36,242.4,37.33
2018-06-20 21:00,38943,0,0,0,17.55,868,27.31,0,1.121,71.06,39.6
2018-06-20 22:00,38944,0,0,0,16.55,869,29.2,0,1.933,68.04,22.21
2018-06-20 23:00,38945,0,0,0,15.74,869,35.38,0,2.639,55.64,23.72
2018-06-21 00:00,38946,0,0,0,14.26,869,47.44,0,2.429,100.5,16.24
2018-06-21 01:00,38947,0,0,0,12.92,869,57.51,0,2.902,116.9,15.55
2018-06-21 02:00,38948,0,0,0,12.11,869,64.95,0,2.592,105.1,14.11
2018-06-21 03:00,38949,0,0,0,11.48,869,70.15,0,1.961,115.5,15.96
2018-06-21 04:00,38950,0,0,0,11.08,870,74.71,0,1.878,109.2,15.55
2018-06-21 05:00,38951,0,0,0,10.45,870,78.85,0,1.426,115.8,14.24
2018-06-21 06:00,38952,0,0,0,10.59,870,79.48,0,1.569,118.8,15.12
2018-06-21 07:00,38953,0.605296,0.767495,0.560276,10.34,870,79.81,0,1.651,123.2,13.2
2018-06-21 08:00,38954,75.0014,326.619,29.2152,11.57,871,70.78,0,1.086,112,13.89
2018-06-21 09:00,38955,257.107,652.582,60.1669,13.29,872,73.45,0,1.781,70.9,23.29
2018-06-21 10:00,38956,432.656,779.339,79.0815,13.74,872,66.49,0,2.876,41.83,23.56
2018-06-21 11:00,38957,563.281,841.198,87.2872,15.68,872,55.13,0,2.03,15.82,40.53
2018-06-21 12:00,38958,639.834,876.876,88.8078,17.42,872,49.15,0,1.914,322.7,32.02
2018-06-21 13:00,38959,647.662,874.528,90.8861,18.89,871,42.51,0,1.932,333.3,27.54
2018-06-21 14:00,38960,590.67,848.563,89.4811,19.71,870,41.84,0,2.302,340.2,26.75
2018-06-21 15:00,38961,466.476,765.94,88.4731,20.45,869,35.74,0,1.875,317.9,39.53
2018-06-21 16:00,38962,307.154,675.488,69.7211,20.91,869,32.35,0,1.185,301.7,37.95
2018-06-21 17:00,38963,119.614,428.311,41.1165,20.37,869,36.77,0,1.127,303.2,30.73
2018-06-21 18:00,38964,6.45959,41.7203,4.27574,18.5,869,43.63,0,1.134,287.6,20.09
2018-06-21 19:00,38965,0,0,0,16.59,870,47.95,0,0.559,221.7,16.39
2018-06-21 20:00,38966,0,0,0,15.57,870,48.14,0,0.428,227,15.22
2018-06-21 21:00,38967,0,0,0,14.78,870,51.76,0,0.554,222.8,17.35
2018-06-21 22:00,38968,0,0,0,14.13,870,50.98,0,0.357,238.8,25.29
2018-06-21 23:00,38969,0,0,0,13.45,870,53.57,0,0.153,216.1,10.76
2018-06-22 00:00,38970,0,0,0,12.86,870,55.68,0,0.23,102.1,25.8
2018-06-22 01:00,38971,0,0,0,11.21,870,65.95,0,0.206,158.4,26.7
2018-06-22 02:00,38972,0,0,0,10.58,869,67.87,0,0.44,276.8,11.99
2018-06-22 03:00,38973,0,0,0,9.58,869,68.74,0,0.264,284.7,22.89
2018-06-22 04:00,38974,0,0,0,8.9,869,71.71,0,0.122,216.3,10.56
2018-06-22 05:00,38975,0,0,0,8.93,869,71.85,0,0.306,279.7,10.5
2018-06-22 06:00,38976,0,0,0,8.23,870,72.82,0,0.084,286.7,14.07
2018-06-22 07:00,38977,0.592194,0.696113,0.5571,8.33,870,73.24,0,0.291,98.5,11.9
2018-06-22 08:00,38978,73.5104,327.288,28.1027,10.1,870,57.55,0,0.373,106.2,13.55
2018-06-22 09:00,38979,254.977,665.994,54.834,15.02,871,49.11,0,0.096,207.2,13.03
2018-06-22 10:00,38980,430.738,803.785,67.0224,18.8,871,38.57,0,0.183,209.6,29.81
2018-06-22 11:00,38981,553.023,841.635,76.8891,21.29,871,37.41,0,0.309,289.2,31.8
2018-06-22 12:00,38982,606.217,809.347,97.1935,21.42,870,35.88,0,0.364,284.7,46.8
2018-06-22 13:00,38983,594.494,745.639,120.403,21.92,870,29.12,0,0.981,313,33.62
2018-06-22 14:00,38984,523.86,675.222,126.627,22.16,869,29.53,0,1.202,350.3,36.8
2018-06-22 15:00,38985,409.784,606.38,111.364,23.05,868,27.37,0,0.732,317.9,36.46
2018-06-22 16:00,38986,246.421,446.746,89.5558,22.85,868,28.43,0,0.669,341.6,27.61
2018-06-22 17:00,38987,91.8171,248.931,44.6634,21.78,868,32.44,0,0.705,310.1,23.59
2018-06-22 18:00,38988,4.13356,9.65003,3.7408,19.49,868,34.76,0,0.758,287.5,18.31
2018-06-22 19:00,38989,0,0,0,17.77,868,45.22,0,0.842,268.5,40.08
2018-06-22 20:00,38990,0,0,0,16.64,869,42.81,0,1.326,216.2,16.69
2018-06-22 21:00,38991,0,0,0,15.88,869,48.34,0,0.541,352.6,45.37
2018-06-22 22:00,38992,0,0,0,14.78,869,46.47,0,0.724,203.7,25.97
2018-06-22 23:00,38993,0,0,0,14.23,869,48.27,0,0.827,244.3,23.15
2018-06-23 00:00,38994,0,0,0,12.97,869,43,0,2.887,112.2,46.06
2018-06-23 01:00,38995,0,0,0,13.36,869,41.45,0,1.411,132,23.53
2018-06-23 02:00,38996,0,0,0,12.51,869,46.65,0,0.504,256.4,37.87
2018-06-23 03:00,38997,0,0,0,10.46,869,53.24,0,1.055,55.11,30.72
2018-06-23 04:00,38998,0,0,0,10.9,869,48.39,0,0.448,156.9,14.68
2018-06-23 05:00,38999,0,0.000124979,0,11.22,869,48.86,0,0.556,128,17.54
2018-06-23 06:00,39000,0,0,0,11.23,869,54.74,0,0.966,126,15.04
2018-06-23 07:00,39001,0.561782,0.739125,0.497564,10.69,869,55.52,0,0.708,119.4,16.38
2018-06-23 08:00,39002,72.1528,276.308,32.3037,11.68,870,49.19,0,1.82,104.1,9.78
2018-06-23 09:00,39003,250.226,608.301,66.0017,13.55,870,46,0,1.567,58.35,23.4
2018-06-23 10:00,39004,421.464,730.668,89.0841,14.19,870,47.81,0,2.591,25.37,28.17
2018-06-23 11:00,39005,554.217,804.912,98.1825,16.12,870,38.89,0,1.938,352.6,29.75
2018-06-23 12:00,39006,626.04,828.43,106.04,17.92,869,38.52,0,1.68,316.8,36.67
2018-06-23 13:00,39007,634.112,827.301,107.563,19.48,868,30.4,0,1.257,297.8,40.4
2018-06-23 14:00,39008,568.663,771.883,112.099,20.24,867,28.64,0,1.436,301.7,34.53
2018-06-23 15:00,39009,458.827,726.017,99.4643,20.64,867,30.54,0,1.167,313.9,42.95
2018-06-23 16:00,39010,297.558,612.606,79.994,20.76,866,27.97,0,0.771,262.6,53.78
2018-06-23 17:00,39011,114.894,368.401,46.5986,19.8,866,31.1,0,0.583,264.4,53.57
2018-06-23 18:00,39012,5.61319,25.682,4.23515,17.46,867,36.17,0,0.334,281,32.75
2018-06-23 19:00,39013,0,0,0,16.07,867,40.29,0,0.444,280.7,14.68
2018-06-23 20:00,39014,0,0,0,15.5,867,40.13,0,1.017,268.8,13.71
2018-06-23 21:00,39015,0,0,0,15.03,867,39.28,0,0.794,252.2,18.11
2018-06-23 22:00,39016,0,0,0,14.56,867,40.18,0,0.51,244.1,17.5
2018-06-23 23:00,39017,0,0,0,14.06,867,42.13,0,0.707,236.9,17.03
2018-06-24 00:00,39018,0,0,0,12.89,867,46.5,0,0.691,248.2,15.85
2018-06-24 01:00,39019,0,0,0,11.62,867,53.88,0,0.204,247.7,14.38
2018-06-24 02:00,39020,0,0,0,10.77,866,55.73,0,0.314,276.2,7.44
2018-06-24 03:00,39021,0,0,0,10.44,866,54.6,0,0.538,231.1,18.91
2018-06-24 04:00,39022,0,0,0,9.79,866,58.71,0,0.248,224,11.23
2018-06-24 05:00,39023,0,0,0,9.48,866,58.86,0,0.56,234.1,12.69
2018-06-24 06:00,39024,0,0,0,8.94,866,55.73,0,0.153,280.7,11.75
2018-06-24 07:00,39025,0.634336,1.9864,0.573991,9.2,867,55.15,0,0.371,269.4,20.53
2018-06-24 08:00,39026,80.4589,401.998,25.5223,11.99,867,43.36,0,0.297,235.5,18.94
2018-06-24 09:00,39027,266.481,723.148,48.7919,14.73,868,41.05,0,0.612,225.9,27.37
2018-06-24 10:00,39028,443.232,840.631,60.4216,17.52,868,33.13,0,0.531,244.5,36.21
2018-06-24 11:00,39029,572.062,893.848,65.921,20.58,868,26.43,0,0.912,223.5,29.34
2018-06-24 12:00,39030,630.477,867.028,86.0747,21.09,867,24.27,0,1.834,204.2,33.25
2018-06-24 13:00,39031,639.271,868.729,85.736,21.57,867,22.23,0,1.275,181.1,39.07
2018-06-24 14:00,39032,580.918,834.355,86.7351,21.95,866,20.23,0,1.257,170.8,36.13
2018-06-24 15:00,39033,466.14,774.873,81.3656,22.52,866,20.74,0,1.337,195.1,32.29
2018-06-24 16:00,39034,303.251,668.193,66.3034,22.39,865,20.27,0,1.171,192.3,31.49
2018-06-24 17:00,39035,119.982,426.048,40.0261,20.88,866,22.88,0,2.314,194.3,21.36
2018-06-24 18:00,39036,5.95859,34.5565,4.20729,18.27,866,28.33,0,2.421,187.1,13.14
2018-06-24 19:00,39037,0,0,0,16.52,866,29.88,0,1.682,162.4,20.4
2018-06-24 20:00,39038,0,0,0,15.81,867,30.16,0,1.575,150.1,24.32
2018-06-24 21:00,39039,0,0,0,15.43,867,28.45,0,1.988,158,22.3
2018-06-24 22:00,39040,0,0,0,14.85,867,26.74,0,2.064,166.3,16.81
2018-06-24 23:00,39041,0,0,0,14.21,867,32.38,0,0.94,170.4,55.32
2018-06-25 00:00,39042,0,0,0,12.48,867,36.53,0,0.83,24.45,39.89
2018-06-25 01:00,39043,0,0,0,11.41,867,36.86,0,0.461,293.4,17.41
2018-06-25 02:00,39044,0,0,0,10.96,867,38.65,0,1.414,29.66,45.74
2018-06-25 03:00,39045,0,0,0,9.81,867,39.27,0,0.599,81.4,27.91
2018-06-25 04:00,39046,0,0,0,9.67,867,39.88,0,0.458,136.6,64.53
2018-06-25 05:00,39047,0,0.0451323,0,9.99,867,36.06,0,0.91,133,53.26
2018-06-25 06:00,39048,0,0,0,8.22,867,47.97,0,1.272,31.01,23.99
2018-06-25 07:00,39049,0.614693,0.681111,0.533659,8.39,867,39.49,0,2.366,128.8,20
2018-06-25 08:00,39050,78.567,367.896,27.4661,9.94,868,37.76,0,2.67,126.6,13.18
2018-06-25 09:00,39051,262.769,694.521,53.5354,13.18,869,38.11,0,1.656,107.5,22.71
2018-06-25 10:00,39052,436.08,806.128,69.8557,14.94,869,38.12,0,2.247,62.2,24.03
2018-06-25 11:00,39053,561.047,840.5,84.831,16.1,869,35.39,0,2.106,49.87,25.55
2018-06-25 12:00,39054,640.909,886.895,83.7038,18.54,868,28.24,0,1.202,24.22,40.49
2018-06-25 13:00,39055,645.204,875.295,87.3476,20.16,867,28.44,0,1.05,20.3,52.47
2018-06-25 14:00,39056,588.918,849.021,85.6876,21.42,866,20.32,0,0.795,307.5,64.07
2018-06-25 15:00,39057,474.876,796.595,79.5949,21.13,866,22.77,0,1.144,38.39,52.11
2018-06-25 16:00,39058,307.966,681.004,66.4215,21.22,866,23.93,0,0.62,55.37,34.04
2018-06-25 17:00,39059,119.933,409.713,42.7295,20,866,25.99,0,0.96,359.9,38.74
2018-06-25 18:00,39060,6.39949,29.3787,4.89044,17.87,866,29.59,0,1.904,323.1,25.91
2018-06-25 19:00,39061,0,0,0,16.35,867,35.95,0,0.819,295.9,30.52
2018-06-25 20:00,39062,0,0,0,15.11,867,35.66,0,0.738,214.5,14.37
2018-06-25 21:00,39063,0,0,0,13.98,867,40.25,0,0.847,139.2,42.99
2018-06-25 22:00,39064,0,0,0,13.45,868,36.55,0,1.651,129.4,17.88
2018-06-25 23:00,39065,0,0,0,13.75,868,38.97,0,0.79,144,35.97
2018-06-26 00:00,39066,0,0,0,12.66,868,42.92,0,0.222,155.6,22
2018-06-26 01:00,39067,0,0,0,10.85,868,49.45,0,0.382,287,18.14
2018-06-26 02:00,39068,0,0,0,10.65,868,44.04,0,0.226,135.3,28.32
2018-06-26 03:00,39069,0,0,0,11.3,868,44.37,0,2.736,118.7,13.02
2018-06-26 04:00,39070,0,0,0,11.39,868,50.74,0,3.155,114.1,14.2
2018-06-26 05:00,39071,0,0,0,10.72,868,57.32,0,3.058,108.7,14
2018-06-26 06:00,39072,0,0,0,10.37,868,62.44,0,3.13,113,14.35
2018-06-26 07:00,39073,0.510055,0.211216,0.47106,9.82,868,65.77,0,2.744,118,17.83
2018-06-26 08:00,39074,65.7644,212.431,35.0427,9.78,869,61.5,0,2.256,126.7,17.21
2018-06-26 09:00,39075,237.443,519.257,81.3074,11.65,870,55.71,0,1.93,105.2,21.65
2018-06-26 10:00,39076,407.183,648.084,114.204,13.35,870,54.43,0,2.607,67.7,26.07
2018-06-26 11:00,39077,455.659,497.763,180.272,14.4,871,54.57,0,3.907,49.56,23.89
2018-06-26 12:00,39078,383.095,183.457,268.645,14.74,870,49.81,0,3.757,30.57,30.97
2018-06-26 13:00,39079,525.374,448.769,239.93,15.89,869,45.36,0,3.349,17.2,30.12
2018-06-26 14:00,39080,335.65,213.438,213.604,16.41,868,42.86,0,2.056,13.31,41.71
2018-06-26 15:00,39081,445.836,577.407,164.887,16.85,868,40.21,0,2.628,28.62,33.63
2018-06-26 16:00,39082,304.345,603.092,90.9466,16.83,867,41.71,0,2.969,18.39,43.37
2018-06-26 17:00,39083,124.83,418.269,47.019,16.13,867,43.18,0,3.134,35.57,20.15
2018-06-26 18:00,39084,7.0266,32.3444,5.10112,15.11,867,45.7,0,1.599,30.6,18.11
2018-06-26 19:00,39085,0,0,0,14.19,868,48.87,0,1.767,61.76,17.93
2018-06-26 20:00,39086,0,0,0,13.17,868,52.23,0,1.968,80.2,18.52
2018-06-26 21:00,39087,0,0,0,12.45,868,55.77,0,1.108,89.2,18.54
2018-06-26 22:00,39088,0,0,0,12.03,868,57.7,0,0.697,97.8,20.53
2018-06-26 23:00,39089,0,0,0,11.49,869,55.98,0,1.318,95.2,19.04
2018-06-27 00:00,39090,0,0,0,11.08,869,58.07,0,1.727,86.5,13.34
2018-06-27 01:00,39091,0,0,0,10.39,868,58.51,0,2.134,105.1,14.46
2018-06-27 02:00,39092,0,0,0,10,868,57.8,0,2.377,111.2,15.99
2018-06-27 03:00,39093,0,0,0,9.59,868,57.74,0,2.266,111.3,16.81
2018-06-27 04:00,39094,0,0,0,9.43,868,59.48,0,2.366,107.5,14.06
2018-06-27 05:00,39095,0,0,0,9.05,868,59.38,0,1.973,116.1,15.57
2018-06-27 06:00,39096,0,0,0,8.89,868,60.41,0,1.959,114.2,12.74
2018-06-27 07:00,39097,0.489876,1.08455,0.455844,8.64,868,61.06,0,1.987,113.7,11.86
2018-06-27 08:00,39098,69.7714,280.718,31.1915,9.65,869,55.55,0,1.266,114.4,14.36
2018-06-27 09:00,39099,247.429,605.021,66.3015,12.24,869,47.98,0,0.914,80.5,32.4
2018-06-27 10:00,39100,418.1,734.814,86.8694,13.33,869,47.44,0,1.215,22.36,32.53
2018-06-27 11:00,39101,546.995,790.668,101.175,14.96,869,42.1,0,0.988,333.5,35.82
2018-06-27 12:00,39102,618.425,803.345,113.71,16.83,869,41.96,0,0.765,268.2,49.44
2018-06-27 13:00,39103,629.195,800.635,118.76,17.65,868,38.56,0,1.22,294.2,45.03
2018-06-27 14:00,39104,575.663,784.713,111.201,18.7,867,36.9,0,0.918,283.6,48.16
2018-06-27 15:00,39105,460.414,730.288,98.5582,18.59,866,37.21,0,1.458,287.5,42.2
2018-06-27 16:00,39106,304.122,631.968,79.0528,19.15,866,34.77,0,0.785,262.5,54.08
2018-06-27 17:00,39107,122.017,377.474,50.4004,18.37,866,36.45,0,0.619,263.7,48.9
2018-06-27 18:00,39108,6.63858,28.2381,5.05831,16.26,866,41.2,0,1.432,286.2,25.49
2018-06-27 19:00,39109,0,0,0,15.32,867,43.51,0,1.219,282.3,21.25
2018-06-27 20:00,39110,0,0,0,14.08,867,47.79,0,0.249,294,13.69
2018-06-27 21:00,39111,0,0,0,13.4,867,49.87,0,0.456,241.8,22.32
2018-06-27 22:00,39112,0,0,0,13.31,867,54.72,0,0.311,271.4,34.88
2018-06-27 23:00,39113,0,0,0,12.51,867,52.5,0,0.648,219.7,28.26
2018-06-28 00:00,39114,0,0,0,11.94,867,51.73,0,1.585,211.4,11.62
2018-06-28 01:00,39115,0,0,0,10.68,867,60.12,0,0.446,197.9,17.63
2018-06-28 02:00,39116,0,0,0,9.81,867,60.78,0,0.2,77.98,22.17
2018-06-28 03:00,39117,0,0,0,9.34,866,63.28,0,0.248,205.7,41.89
2018-06-28 04:00,39118,0,0,0,8.51,866,65.13,0,0.284,243.6,20.45
2018-06-28 05:00,39119,0,0,0,7.888,866,72.33,0,0.212,255.3,39.85
2018-06-28 06:00,39120,0,0,0,7.234,866,71.07,0,0.154,234.6,28.03
2018-06-28 07:00,39121,0.569173,0.977572,0.550723,6.895,867,72.59,0,0.101,280.5,25.46
2018-06-28 08:00,39122,74.1444,337.218,28.0324,8.89,867,58.96,0,0.258,104.6,20.19
2018-06-28 09:00,39123,254.054,662.123,56.2577,13.64,868,45.28,0,0.117,160.5,41.59
2018-06-28 10:00,39124,424.065,782.135,71.5723,18,869,36.37,0,0.142,281.7,21.54
2018-06-28 11:00,39125,551.903,827.349,83.751,19.76,869,37.39,0,0.398,282.4,40.31
2018-06-28 12:00,39126,609.049,774.672,121.854,19.27,868,33.96,0,1.085,296.7,30.23
2018-06-28 13:00,39127,617.695,746.516,141.473,20.71,867,28.38,0,0.846,263.7,49.93
2018-06-28 14:00,39128,590.85,838.547,93.64,20.86,866,29.46,0,1.537,312.7,37.89
2018-06-28 15:00,39129,456.441,727.87,93.692,21.4,866,27.75,0,1.354,317.4,36.47
2018-06-28 16:00,39130,290.969,558.679,92.5607,20.18,866,32.02,0,2.554,326.1,27.1
2018-06-28 17:00,39131,119.925,366.151,49.7516,19.44,866,33.32,0,2.289,313.5,32.49
2018-06-28 18:00,39132,7.35441,34.4585,5.38026,17.98,866,35.75,0,2.572,310.6,20.22
2018-06-28 19:00,39133,0,0,0,17.18,867,37.2,0,2.798,315.6,17.1
2018-06-28 20:00,39134,0,0,0,15.73,867,39.72,0,0.46,330.5,9.83
2018-06-28 21:00,39135,0,0,0,15.48,867,39.29,0,0.405,286.2,20.48
2018-06-28 22:00,39136,0,0,0,15.24,867,42.45,0,0.77,268.6,13.79
2018-06-28 23:00,39137,0,0,0,14.9,867,40.66,0,0.969,265.2,14.05
2018-06-29 00:00,39138,0,0,0,12.22,866,47.38,0,1.193,48.35,29.55
2018-06-29 01:00,39139,0,0,0,13.16,866,42.21,0,1.077,62.75,28.16
2018-06-29 02:00,39140,0,0,0,13.38,866,41.6,0,0.783,59.62,27.43
2018-06-29 03:00,39141,0,0,0,12.94,866,41.52,0,1.103,106.8,15.44
2018-06-29 04:00,39142,0,0,0,12.2,866,45.46,0,1.428,72.98,12.95
2018-06-29 05:00,39143,0,0,0,10.91,866,50.67,0,1.51,94.8,24.71
2018-06-29 06:00,39144,0,0,0,10.41,866,51.88,0,1.741,111.8,19.21
2018-06-29 07:00,39145,0.429103,0.898132,0.413164,9.77,866,57.84,0,2.261,88.2,11.34
2018-06-29 08:00,39146,74.1536,346.659,26.7875,10.15,867,56.92,0,1.361,101.6,20.47
2018-06-29 09:00,39147,255.98,668.307,56.6552,11.58,867,62.39,0,1.704,53.5,26.62
2018-06-29 10:00,39148,429.757,777.793,78.0709,12.74,867,55.86,0,2.007,13.42,37.04
2018-06-29 11:00,39149,561.348,837.396,87.8514,15.03,867,44.22,0,1.194,329.2,43
2018-06-29 12:00,39150,636.312,850.481,100.066,16.41,866,40.14,0,2.551,294.6,36.24
2018-06-29 13:00,39151,646.971,854.08,100.06,17.73,865,35.56,0,2.233,283.7,53.07
2018-06-29 14:00,39152,592.089,839.129,92.8887,18.33,865,37.03,0,1.97,274.6,54.84
2018-06-29 15:00,39153,478.385,777.957,89.9587,18.8,864,36.32,0,1.782,280.4,48.93
2018-06-29 16:00,39154,304.152,614.743,83.2831,19.12,864,37.95,0,1.441,278.9,51.11
2018-06-29 17:00,39155,121.282,354.182,52.2451,19.02,864,39.73,0,1.377,285.7,39.43
2018-06-29 18:00,39156,7.62108,27.8708,5.94004,17.16,864,42.96,0,2.677,294,23.16
2018-06-29 19:00,39157,0,0,0,16.16,865,45.42,0,1.68,287.7,21.91
2018-06-29 20:00,39158,0,0,0,15.57,865,46.79,0,1.303,286.4,18.36
2018-06-29 21:00,39159,0,0,0,15.23,866,49.22,0,1.055,283.3,22.51
2018-06-29 22:00,39160,0,0,0,14.52,866,51.92,0,1.212,280.7,18.33
2018-06-29 23:00,39161,0,0,0,13.78,866,54.92,0,0.695,265.3,14.79
2018-06-30 00:00,39162,0,0,0,12.77,866,58.9,0,0.322,246.9,17.08                                                                                                                                                                                                                                                                                                                                                                                                                                                                                                                                                                                                                                                                                                                                                                                                                                                                                                                                                                                                                                                                                                                                                                                                                                                                                                                                                                                                                                                                                                                                                                                                                                                                                                                                                                                                                                                                                                                                                                                                                                                                                                                                                                                                                                                                                                                                                                                                                                                                                                                                                                                                                                                                                                                                                                                                                                                                                                                                                                                                                                                                                                                                                                                                                                                                                                                                                                                                                                                                                                                                                                                                                                                                                                                                                                                                                                                                                                                                                                                                                                                                                                                                                                                                                                                                                                                                                                                                                                                                                                                                                                                                                                                                                                                                                                                                                                                                                                                                                                                                                                                                                                                                                                                                                                                                                                                                                                                                                                                                                                                                                                                                                                                                                                                                                                                                                                                                                                                                                                                                                                                                                                                                                                                                                                                                                                                                                                                                                                                                                                                                                                                                                                                                                                                                                                                                                                                                                                                                                                                                                                                                                                                                                                                                                                                                                                                                                                                                                                                                                                                                                                                                                                                                                                                                                                                                                                                                                                                                                                                                                                                                                                                                                                                                                                                                                                                                                                                                                                                                                                                                                                                                                                                                                                                                                                                                                                                                                                                                                                                                                                                                                                                                                                                                                                                                                                                                                                                                                                                                                                                                                                                                                                                                                                                                                                                                                                                                                                                                                                                                                                                                                                                                                                                                                                                                                                                                                                                                                                                                                                                                                                                                                                                                                                                                                                                                                                                                                                                                                                                                                                                                                                                                                                                                                                                                                                                                                                                                                                                                                                                                                                                                                                                                                                                                                                                                                                                                                                                                                                                                                                                                                                                                                                                                                                                                                                                                                                                                                                                                                                                                                                                                                                                                                                                                                                                                                                                                                                                                                                                                                                                                                                                                                                                                                                                                                                                                                                                                                                                                                                                                                                                                                                                                                                                                                                                                                                                                                                                                                                                                                                                                                                                       